69
249
329
339
519
649
699
779
789
879
959
1149
1169
1329
1509
1529
1679
1689
1739
1749
1779
1799
1819
1829
1909
1959
2049
2119
2219
2229
2319
2429
2519
2569
2589
2599
2739
2839
2859
2899
2949
3039
3149
3269
3309
3419
3569
3579
3599
3669
3729
3749
3799
3839
3849
3859
3899
3949
3959
4039
4089
4109
4119
4169
4189
4299
4379
4439
4469
4479
4529
4559
4569
4589
4619
4659
4709
4739
4749
4769
4839
4899
4979
5029
5129
5199
5269
5389
5459
5469
5489
5509
5549
5579
5599
5609
5709
5739
5899
5909
5959
5999
6009
6049
6059
6109
6139
6179
6189
6209
6239
6349
6459
6509
6539
6629
6639
6729
6739
6799
6819
6839
6999
7009
7169
7179
7269
7279
7319
7339
7599
7629
7679
7689
7739
7799
7849
7859
7909
7939
7979
7989
8079
8129
8189
8239
8259
8279
8309
8319
8339
8359
8489
8519
8529
8549
8579
8639
8679
8709
8809
8879
8889
8899
8939
9019
9039
9069
9079
9129
9149
9179
9229
9249
9259
9289
9299
9309
9379
9389
9469
9499
9509
9529
9569
9609
9659
9669
9799
9869
9969
9979
9989
10049
10129
10189
10239
10319
10379
10409
10549
10599
10669
10679
10699
10779
10819
10869
10969
11039
11099
11129
11189
11209
11219
11269
11309
11389
11409
11429
11459
11499
11589
11729
11759
11769
11879
12019
12029
12039
12059
12079
12199
12219
12229
12359
12399
12419
12449
12499
12509
12549
12599
12639
12719
12759
12779
12839
12849
12929
12949
13069
13119
13169
13199
13259
13319
13349
13379
13389
13439
13459
13479
13519
13549
13559
13569
13639
13739
13749
13819
13849
13899
13909
13919
13929
13939
13979
14019
14039
14059
14069
14099
14109
14129
14189
14199
14219
14269
14279
14339
14359
14379
14429
14509
14529
14569
14619
14659
14719
14789
14809
14829
14899
14919
14959
14999
15009
15019
15079
15089
15119
15179
15209
15389
15419
15449
15459
15469
15479
15509
15599
15659
15689
15769
15779
15819
15829
15869
15909
15949
15989
15999
16009
16019
16179
16199
16259
16289
16309
16379
16439
16449
16469
16489
16499
16599
16679
16719
16739
16859
16919
16949
16999
17039
17079
17089
17129
17149
17179
17219
17249
17269
17279
17309
17319
17339
17349
17369
17399
17439
17479
17529
17549
17639
17679
17699
17709
17719
17779
17809
17819
17849
17869
17879
17999
18079
18159
18209
18319
18339
18349
18359
18419
18429
18449
18479
18509
18519
18569
18579
18589
18599
18609
18629
18649
18659
18689
18709
18739
18779
18789
18809
18889
18929
18939
18949
18969
18989
19049
19059
19099
19129
19189
19199
19339
19349
19369
19389
19409
19419
19439
19519
19529
19579
19619
19639
19679
19689
19769
19799
19829
19839
19849
19859
19879
19959
20059
20099
20179
20189
20279
20299
20309
20409
20499
20579
20589
20659
20669
20699
20729
20949
21009
21029
21039
21079
21129
21209
21259
21309
21369
21439
21459
21479
21509
21549
21579
21619
21629
21719
21759
21769
21779
21829
21849
21899
21919
21949
21989
22019
22069
22169
22219
22289
22299
22309
22319
22339
22359
22429
22439
22499
22519
22529
22569
22609
22729
22749
22799
22879
22889
22929
22949
23009
23019
23069
23089
23109
23149
23239
23249
23379
23389
23449
23469
23489
23519
23559
23649
23699
23729
23759
23839
23849
23939
23989
23999
24119
24199
24209
24259
24269
24279
24289
24319
24369
24429
24449
24479
24519
24539
24559
24589
24599
24619
24629
24729
24819
24829
24869
24959
25089
25149
25199
25239
25249
25269
25279
25319
25369
25379
25399
25429
25459
25489
25509
25539
25559
25629
25699
25709
25719
25739
25959
25989
26009
26079
26089
26179
26219
26259
26279
26329
26349
26429
26519
26549
26579
26609
26639
26659
26719
26749
26779
26799
26819
26869
26889
26929
26969
27029
27049
27079
27089
27119
27139
27199
27359
27419
27439
27499
27519
27579
27589
27609
27619
27629
27659
27669
27679
27719
27769
27829
27879
27899
27929
27959
27969
27989
28039
28049
28079
28129
28139
28159
28169
28189
28199
28239
28369
28399
28419
28459
28479
28529
28569
28599
28639
28659
28699
28709
28739
28769
28799
28819
28869
28889
28969
28999
29019
29039
29069
29089
29099
29149
29159
29219
29229
29249
29369
29409
29489
29499
29509
29519
29559
29579
29639
29689
29699
29719
29739
29749
29769
29839
29849
29899
29909
29969
29999
30079
30149
30179
30189
30309
30329
30359
30369
30399
30409
30419
30439
30489
30549
30579
30599
30669
30679
30719
30739
30749
30759
30769
30929
30939
30959
30979
30989
31009
31029
31099
31129
31169
31199
31229
31289
31299
31389
31399
31429
31439
31449
31499
31519
31549
31589
31619
31639
31669
31679
31709
31739
31789
31829
31839
31909
31919
31969
31999
32149
32179
32199
32209
32239
32329
32349
32399
32419
32439
32459
32489
32519
32539
32559
32599
32619
32639
32649
32659
32669
32699
32729
32819
32899
32919
32959
32989
33009
33019
33059
33099
33109
33139
33169
33209
33229
33239
33279
33319
33379
33389
33499
33509
33539
33609
33639
33659
33729
33779
33819
33869
33919
33949
33959
33979
34009
34049
34079
34109
34139
34169
34179
34199
34229
34249
34269
34309
34339
34379
34399
34409
34449
34459
34559
34619
34709
34769
34789
34869
34879
34889
34899
34909
34979
35009
35029
35039
35209
35219
35239
35249
35269
35299
35349
35369
35439
35459
35479
35489
35519
35539
35579
35609
35639
35699
35709
35749
35789
35799
35849
35909
35939
35959
36029
36039
36049
36059
36089
36139
36149
36239
36259
36329
36339
36379
36399
36409
36419
36429
36439
36509
36539
36589
36609
36619
36669
36679
36689
36719
36769
36789
36839
36849
36949
36959
36969
36989
37069
37079
37099
37109
37129
37229
37239
37319
37399
37419
37459
37499
37509
37519
37679
37709
37729
37739
37769
37849
37909
37919
37929
37939
37959
37979
38029
38059
38089
38129
38139
38159
38229
38249
38279
38339
38359
38379
38389
38519
38549
38579
38679
38769
38789
38859
38869
38879
38899
38929
38939
38949
38999
39029
39059
39129
39149
39269
39289
39299
39309
39329
39369
39449
39489
39529
39539
39559
39629
39859
39909
39939
39949
39959
40019
40049
40109
40159
40179
40199
40219
40249
40259
40279
40309
40319
40339
40359
40379
40389
40439
40569
40619
40629
40649
40659
40669
40769
40789
40799
40839
40889
40999
41089
41099
41129
41219
41249
41259
41289
41309
41429
41459
41489
41569
41599
41639
41649
41689
41739
41749
41779
41869
41909
41929
41939
42099
42109
42149
42199
42259
42269
42289
42319
42329
42339
42389
42459
42479
42529
42539
42599
42629
42729
42779
42789
42809
42869
42889
42909
42919
42949
43009
43099
43109
43139
43199
43219
43249
43259
43269
43279
43349
43379
43409
43419
43429
43459
43469
43489
43529
43559
43589
43619
43629
43679
43699
43729
43799
43819
43829
43859
43879
43899
43919
43939
43949
43999
44069
44169
44209
44219
44229
44259
44339
44349
44359
44369
44399
44429
44439
44509
44529
44569
44589
44609
44669
44679
44719
44779
44869
44899
44929
44979
44999
45019
45029
45049
45089
45159
45199
45209
45229
45249
45309
45359
45379
45469
45479
45489
45499
45509
45519
45529
45559
45699
45709
45719
45739
45769
45789
45829
45839
45899
45919
45929
46019
46039
46149
46169
46239
46259
46319
46329
46339
46379
46409
46419
46469
46519
46579
46709
46729
46739
46799
46859
46939
46969
46979
47029
47039
47049
47099
47109
47159
47179
47209
47219
47239
47289
47319
47359
47379
47409
47429
47449
47479
47539
47549
47559
47669
47689
47729
47759
47769
47789
47829
47839
47849
47909
47929
47999
48019
48059
48089
48149
48199
48219
48229
48289
48309
48329
48349
48359
48369
48379
48389
48439
48459
48469
48499
48509
48529
48579
48629
48659
48669
48689
48759
48839
48899
48949
48979
49079
49189
49219
49229
49259
49269
49289
49299
49319
49349
49439
49449
49479
49579
49589
49629
49659
49679
49709
49799
49829
49859
49909
49949
49969
49979
50009
50019
50039
50059
50089
50109
50189
50219
50239
50259
50269
50279
50289
50309
50339
50389
50399
50429
50449
50469
50509
50579
50619
50629
50639
50649
50659
50669
50729
50749
50759
50819
50829
50899
50939
50959
50999
51029
51049
51069
51079
51089
51099
51139
51149
51179
51249
51259
51279
51299
51369
51379
51409
51469
51509
51549
51559
51589
51619
51629
51709
51739
51779
51809
51919
51959
51969
51979
51999
52019
52079
52099
52109
52129
52139
52159
52169
52179
52199
52239
52279
52349
52409
52419
52449
52499
52519
52589
52599
52619
52679
52699
52719
52729
52739
52759
52799
52939
52979
53039
53099
53159
53229
53249
53339
53349
53369
53399
53499
53519
53539
53579
53689
53709
53729
53749
53779
53839
53969
53999
54019
54029
54079
54089
54109
54119
54179
54199
54209
54259
54359
54429
54479
54529
54599
54619
54659
54689
54699
54719
54749
54809
54849
54889
54899
55019
55059
55099
55139
55159
55169
55239
55289
55319
55329
55349
55379
55409
55459
55489
55509
55519
55549
55559
55649
55669
55679
55729
55769
55779
55789
55859
55879
55999
56019
56059
56069
56089
56119
56139
56189
56219
56229
56289
56309
56319
56339
56409
56429
56549
56559
56639
56649
56669
56689
56719
56789
56819
56839
56849
56879
56899
56939
56959
56969
57029
57039
57079
57169
57189
57199
57209
57219
57299
57359
57419
57439
57459
57469
57479
57489
57509
57539
57569
57659
57749
57919
57949
57979
57989
58009
58019
58069
58079
58119
58139
58209
58249
58259
58279
58299
58319
58339
58389
58399
58409
58459
58469
58489
58499
58519
58529
58559
58589
58639
58649
58659
58669
58739
58749
58759
58799
58819
58899
58919
58939
58999
59039
59079
59089
59099
59129
59249
59269
59279
59289
59299
59309
59379
59389
59429
59449
59519
59549
59559
59579
59599
59609
59639
59739
59759
59789
59819
59849
59919
59939
59959
59989
60019
60079
60119
60159
60189
60199
60239
60299
60329
60349
60359
60369
60389
60419
60439
60469
60479
60499
60529
60549
60559
60569
60599
60609
60619
60629
60639
60709
60739
60749
60769
60789
60829
60839
60949
60959
60999
61039
61069
61079
61109
61139
61179
61199
61219
61229
61239
61259
61279
61289
61319
61349
61369
61399
61419
61429
61449
61459
61619
61629
61639
61669
61679
61709
61739
61769
61859
61869
61889
61939
61989
62009
62029
62069
62079
62089
62159
62169
62179
62209
62249
62259
62269
62309
62359
62369
62389
62399
62409
62429
62449
62499
62509
62519
62569
62579
62609
62619
62629
62679
62709
62719
62729
62749
62759
62809
62839
62859
62879
62889
62899
62959
63069
63109
63129
63209
63229
63239
63269
63319
63359
63379
63429
63469
63509
63529
63569
63619
63739
63759
63769
63889
63959
63969
63979
63989
64039
64049
64139
64149
64159
64199
64229
64249
64259
64309
64349
64379
64409
64469
64509
64519
64529
64549
64639
64649
64669
64689
64739
64749
64759
64799
64829
64859
64889
64929
64939
64949
64979
65039
65049
65069
65109
65139
65149
65159
65249
65279
65299
65319
65329
65339
65359
65369
65389
65399
65409
65429
65489
65589
65639
65669
65679
65739
65819
65849
65879
65939
65969
65989
65999
66019
66039
66119
66219
66259
66269
66299
66329
66349
66379
66399
66409
66419
66469
66479
66559
66579
66589
66619
66679
66719
66769
66779
66799
66829
66849
66869
66899
66979
66989
66999
67029
67099
67109
67199
67259
67269
67279
67299
67319
67439
67519
67529
67539
67549
67649
67729
67739
67839
67879
67889
67909
67919
67929
67949
67989
67999
68009
68029
68039
68079
68119
68149
68179
68189
68249
68299
68309
68339
68359
68369
68429
68519
68529
68549
68559
68569
68609
68689
68719
68759
68789
68829
68919
68939
68959
69009
69059
69079
69089
69189
69199
69209
69229
69249
69269
69319
69329
69339
69349
69359
69409
69449
69529
69559
69689
69749
69769
69839
69869
69889
69919
69969
69999
70049
70069
70109
70159
70169
70259
70279
70319
70349
70519
70559
70669
70679
70739
70759
70799
70809
70829
70899
70939
70989
71049
71139
71189
71219
71239
71259
71279
71309
71369
71439
71449
71459
71509
71519
71539
71579
71609
71619
71629
71709
71729
71759
71769
71819
71859
71869
71929
71949
71959
71979
72069
72119
72209
72239
72249
72259
72299
72319
72329
72339
72349
72359
72389
72419
72439
72499
72509
72589
72599
72609
72629
72659
72749
72769
72799
72809
72829
72899
72939
72989
73029
73049
73069
73099
73159
73169
73199
73219
73239
73249
73289
73299
73319
73329
73339
73349
73389
73399
73419
73489
73499
73519
73559
73569
73599
73619
73649
73669
73729
73769
73779
73789
73799
73829
73869
73879
73889
73909
73919
73969
73979
74009
74019
74049
74059
74119
74179
74249
74299
74309
74339
74399
74429
74479
74519
74539
74549
74559
74569
74579
74599
74639
74649
74669
74689
74749
74769
74819
74859
74879
74939
74969
74999
75009
75039
75049
75059
75119
75179
75219
75279
75299
75319
75349
75359
75379
75419
75489
75499
75529
75559
75569
75599
75649
75749
75759
75769
75839
75889
75899
75929
75949
75959
76009
76019
76029
76069
76119
76169
76229
76309
76319
76339
76349
76389
76409
76429
76439
76449
76459
76469
76499
76529
76549
76559
76569
76589
76619
76639
76699
76709
76749
76759
76789
76799
76859
76889
76909
76929
76939
76999
77009
77019
77039
77059
77089
77109
77119
77149
77169
77179
77189
77199
77219
77289
77299
77309
77379
77389
77399
77459
77579
77609
77639
77729
77739
77759
77789
77829
77869
77989
78009
78019
78069
78109
78119
78149
78199
78239
78299
78349
78389
78459
78499
78549
78559
78619
78659
78689
78709
78719
78739
78749
78769
78829
78869
78899
78969
79009
79019
79099
79109
79129
79169
79179
79219
79269
79339
79409
79469
79489
79509
79529
79539
79619
79649
79679
79689
79709
79719
79759
79799
79819
79859
79899
79909
79949
79959
80009
80059
80079
80129
80159
80169
80189
80219
80229
80249
80299
80319
80339
80349
80399
80419
80439
80459
80479
80509
80519
80579
80639
80659
80689
80699
80709
80719
80729
80759
80939
80979
80999
81029
81059
81079
81089
81109
81139
81149
81179
81259
81319
81329
81379
81419
81429
81449
81469
81479
81489
81579
81589
81599
81659
81679
81779
81949
81959
81989
82019
82069
82079
82109
82229
82249
82259
82309
82319
82379
82389
82409
82429
82439
82459
82489
82519
82569
82579
82589
82639
82649
82659
82789
82819
82829
82849
82879
82909
82919
82959
83039
83069
83149
83159
83179
83189
83229
83249
83279
83309
83319
83329
83359
83409
83429
83479
83489
83519
83589
83599
83669
83679
83699
83759
83779
83789
83849
83859
83879
83899
83909
83919
83929
83949
83999
84009
84049
84079
84139
84149
84209
84259
84269
84289
84359
84379
84439
84459
84469
84479
84489
84529
84539
84569
84619
84639
84689
84739
84749
84769
84779
84829
84839
84849
84949
84959
84999
85069
85079
85089
85099
85139
85209
85219
85279
85299
85319
85349
85379
85389
85409
85479
85519
85579
85589
85739
85759
85769
85919
85929
85939
85949
85979
86039
86059
86089
86099
86109
86159
86189
86309
86329
86339
86349
86379
86419
86429
86459
86479
86489
86519
86569
86669
86699
86749
86759
86789
86809
86819
86839
86889
86909
87019
87029
87059
87089
87099
87139
87159
87189
87199
87229
87239
87259
87329
87349
87369
87379
87389
87409
87439
87449
87459
87469
87479
87499
87529
87569
87599
87689
87709
87729
87749
87779
87799
87809
87829
87859
87889
87909
87919
87929
87999
88039
88059
88089
88139
88159
88219
88229
88269
88279
88349
88359
88369
88409
88429
88439
88449
88489
88519
88529
88549
88559
88579
88619
88699
88709
88719
88759
88779
88829
88849
88859
88869
88879
88889
88899
88979
88989
89039
89059
89099
89129
89149
89159
89169
89179
89219
89239
89249
89259
89279
89299
89339
89369
89389
89429
89489
89549
89569
89579
89619
89629
89679
89729
89769
89969
90029
90049
90109
90179
90229
90299
90319
90329
90339
90349
90409
90419
90449
90479
90539
90609
90689
90719
90769
90779
90849
90859
90869
90879
90899
90929
90959
90969
90979
91069
91109
91169
91219
91259
91279
91289
91319
91349
91379
91389
91439
91469
91489
91509
91559
91569
91579
91589
91619
91649
91709
91739
91759
91769
91779
91799
91849
91859
91879
91889
91979
91999
92059
92089
92099
92139
92159
92239
92279
92299
92309
92319
92329
92339
92409
92429
92549
92579
92609
92629
92649
92679
92689
92729
92749
92819
92839
92869
92879
92909
92949
92969
92999
93019
93029
93039
93079
93209
93259
93289
93299
93359
93389
93509
93539
93569
93579
93589
93619
93649
93659
93669
93679
93749
93759
93769
93779
93799
93819
93829
93839
93859
93899
93909
93929
93959
94019
94039
94159
94189
94199
94279
94289
94319
94339
94359
94409
94459
94469
94549
94589
94639
94679
94699
94729
94749
94759
94769
94859
94919
94929
95039
95059
95079
95099
95159
95179
95249
95259
95269
95299
95309
95379
95389
95399
95439
95449
95519
95579
95609
95639
95649
95669
95689
95699
95799
95809
95839
95879
95899
95909
95919
95939
95969
95999
96009
96029
96119
96169
96189
96239
96299
96319
96339
96359
96389
96539
96549
96559
96599
96619
96629
96639
96649
96659
96689
96709
96809
96829
96839
96909
96919
96949
97009
97019
97049
97079
97089
97099
97139
97229
97249
97269
97289
97319
97339
97349
97359
97399
97409
97519
97529
97589
97639
97679
97709
97719
97739
97759
97769
97779
97799
97809
97819
97899
97949
97979
98029
98069
98079
98089
98099
98219
98229
98249
98279
98309
98339
98349
98359
98449
98509
98529
98579
98589
98599
98609
98659
98699
98719
98749
98759
98789
98799
98839
98979
99019
99059
99069
99129
99159
99239
99249
99319
99329
99339
99359
99389
99399
99419
99449
99479
99509
99539
99599
99609
99629
99649
99659
99739
99749
99759
99769
99799
99849
99869
99889
99899
99949
100059
100099
100119
100139
100159
100219
100229
100239
100249
100259
100289
100319
100339
100349
100419
100429
100439
100509
100579
100599
100619
100639
100679
100689
100709
100729
100739
100759
100819
100859
100869
100879
100909
100919
100929
100939
101059
101069
101129
101139
101219
101239
101249
101299
101319
101329
101339
101369
101379
101389
101469
101509
101539
101549
101579
101589
101629
101659
101669
101679
101699
101739
101759
101769
101779
101809
101819
101899
101909
101919
101989
102029
102119
102169
102179
102189
102209
102239
102269
102319
102349
102379
102389
102399
102439
102449
102469
102479
102509
102569
102599
102629
102659
102689
102759
102799
102809
102839
102849
102889
102899
102919
102939
102959
102979
103009
103019
103039
103109
103129
103139
103159
103169
103189
103199
103209
103219
103229
103249
103269
103339
103369
103429
103469
103519
103579
103589
103609
103639
103679
103729
103739
103749
103799
103819
103839
103849
103859
103899
103949
103989
103999
104019
104029
104069
104099
104109
104129
104159
104189
104209
104219
104259
104269
104289
104339
104389
104449
104509
104519
104539
104569
104609
104629
104649
104689
104699
104719
104739
104809
104899
104929
104939
104969
104989
105059
105089
105109
105119
105139
105169
105179
105209
105259
105299
105349
105409
105419
105429
105439
105459
105479
105519
105539
105559
105569
105599
105629
105659
105689
105699
105719
105739
105779
105789
105809
105839
105859
105869
105879
105919
105949
105959
105979
105989
106009
106049
106069
106089
106139
106149
106179
106199
106229
106259
106269
106309
106339
106409
106459
106469
106489
106519
106529
106549
106589
106629
106679
106709
106719
106789
106809
106829
106849
106879
106909
106919
106939
106959
106969
107009
107029
107039
107049
107059
107129
107139
107149
107179
107189
107239
107259
107299
107319
107369
107389
107399
107429
107479
107489
107519
107539
107549
107579
107639
107669
107729
107789
107799
107819
107869
107879
107889
107959
107969
107979
107989
108049
108119
108149
108169
108229
108239
108249
108269
108299
108389
108419
108449
108469
108479
108509
108539
108569
108579
108589
108619
108629
108659
108719
108749
108789
108839
108859
108879
108989
109009
109019
109059
109069
109079
109109
109149
109189
109219
109249
109289
109309
109339
109349
109399
109409
109419
109439
109489
109499
109529
109559
109679
109689
109699
109709
109739
109759
109769
109879
109909
109959
109979
109999
110009
110029
110049
110089
110099
110139
110189
110219
110239
110249
110279
110329
110369
110389
110399
110429
110469
110499
110509
110519
110549
110559
110579
110599
110639
110659
110669
110689
110699
110719
110759
110769
110809
110869
110959
111039
111059
111079
111179
111209
111239
111289
111299
111319
111329
111359
111379
111389
111449
111459
111479
111529
111559
111589
111649
111669
111689
111719
111749
111759
111839
111859
111899
111939
111979
111989
112009
112049
112099
112109
112169
112219
112319
112379
112389
112439
112469
112479
112549
112619
112629
112639
112649
112669
112679
112709
112769
112829
112849
112889
112929
112949
112969
113009
113059
113129
113179
113219
113249
113269
113299
113309
113419
113449
113479
113509
113519
113549
113559
113579
113599
113609
113639
113689
113699
113709
113789
113869
113879
113959
113999
114059
114069
114109
114119
114179
114209
114239
114379
114389
114439
114459
114499
114509
114519
114529
114539
114549
114569
114619
114629
114739
114779
114789
114819
114839
114879
114909
114949
114959
114979
114989
114999
115009
115069
115109
115129
115139
115149
115179
115219
115229
115239
115289
115339
115349
115359
115409
115439
115489
115519
115529
115549
115559
115579
115619
115629
115639
115649
115699
115729
115799
115809
115819
115829
115909
115919
115939
115949
115969
115999
116029
116049
116059
116069
116079
116119
116129
116149
116169
116219
116249
116309
116339
116349
116389
116399
116419
116429
116479
116489
116509
116519
116569
116589
116599
116609
116619
116659
116709
116729
116759
116799
116869
116879
116939
116979
116999
117029
117049
117069
117149
117169
117179
117199
117219
117229
117289
117339
117359
117379
117409
117419
117479
117559
117599
117699
117739
117759
117799
117869
117879
117929
117969
118019
118039
118079
118099
118109
118149
118159
118229
118299
118319
118329
118339
118439
118499
118509
118559
118569
118609
118649
118679
118689
118729
118749
118759
118789
118829
118869
118879
118889
118909
118929
118939
118969
118979
119189
119219
119239
119249
119269
119279
119289
119329
119369
119399
119449
119459
119479
119509
119519
119539
119559
119589
119599
119629
119639
119729
119739
119749
119779
119789
119819
119829
119859
119879
119909
119919
119949
119999
120019
120039
120059
120119
120139
120149
120169
120179
120229
120259
120269
120329
120389
120439
120469
120489
120499
120529
120579
120599
120629
120659
120719
120759
120799
120809
120839
120849
120859
120869
120909
120949
120979
120999
121009
121029
121099
121109
121159
121199
121279
121289
121299
121319
121399
121409
121429
121459
121479
121489
121519
121529
121589
121639
121649
121699
121709
121749
121759
121769
121799
121899
121939
121999
122119
122239
122259
122269
122289
122309
122339
122349
122359
122429
122459
122469
122519
122539
122559
122569
122629
122639
122649
122659
122669
122699
122749
122879
122909
122919
122959
122999
123019
123029
123089
123119
123149
123179
123199
123329
123359
123369
123409
123549
123559
123569
123599
123629
123639
123659
123679
123689
123729
123749
123779
123799
123839
123869
123899
123919
123929
123949
123999
124009
124039
124069
124079
124109
124149
124159
124169
124219
124229
124259
124289
124359
124379
124409
124469
124499
124519
124539
124549
124589
124599
124619
124629
124649
124689
124789
124809
124829
124869
124879
124889
124939
124949
124959
125009
125039
125059
125089
125099
125129
125159
125189
125249
125279
125359
125369
125389
125409
125419
125439
125459
125479
125499
125519
125529
125549
125579
125699
125709
125729
125779
125819
125849
125869
125909
125969
125999
126029
126059
126069
126089
126109
126239
126249
126289
126299
126309
126319
126379
126389
126409
126419
126439
126449
126479
126489
126509
126529
126539
126569
126589
126629
126659
126689
126709
126769
126779
126809
126869
126879
126889
126899
126969
126979
127009
127019
127039
127069
127109
127129
127159
127199
127229
127279
127309
127319
127329
127349
127369
127379
127409
127419
127459
127479
127499
127519
127589
127599
127619
127759
127769
127789
127829
127879
127949
127999
128009
128029
128039
128049
128059
128069
128149
128179
128219
128229
128279
128299
128309
128319
128419
128459
128539
128569
128579
128589
128689
128729
128769
128809
128839
128859
128899
128909
128989
128999
129019
129029
129039
129059
129079
129139
129179
129199
129269
129309
129319
129329
129359
129369
129389
129399
129459
129569
129619
129649
129659
129669
129679
129729
129739
129799
129809
129829
129839
129849
129869
129939
129989
129999
130009
130019
130049
130109
130129
130139
130209
130219
130229
130269
130309
130319
130459
130499
130519
130539
130669
130679
130709
130739
130799
130839
130849
130889
130919
130939
130949
130979
130989
130999
131039
131069
131099
131109
131159
131169
131179
131189
131239
131299
131309
131329
131339
131359
131379
131389
131399
131429
131459
131509
131529
131549
131559
131569
131579
131609
131629
131669
131729
131739
131809
131819
131829
131919
131999
132029
132079
132119
132149
132179
132259
132269
132289
132359
132369
132389
132419
132429
132449
132479
132539
132569
132599
132629
132659
132819
132829
132889
132899
132919
132959
133009
133019
133049
133059
133079
133099
133129
133139
133159
133199
133219
133239
133249
133259
133289
133309
133339
133359
133369
133429
133449
133459
133489
133509
133609
133619
133629
133639
133699
133729
133739
133759
133799
133829
133879
133899
133909
134029
134069
134099
134119
134149
134159
134229
134259
134279
134409
134419
134429
134449
134459
134479
134509
134519
134529
134549
134579
134599
134629
134759
134769
134779
134819
134869
134879
134889
134899
134929
134959
134969
135079
135139
135159
135179
135229
135249
135259
135299
135359
135419
135439
135499
135619
135629
135659
135669
135689
135699
135709
135739
135769
135789
135809
135869
135879
135919
135959
135989
136009
136019
136039
136049
136079
136109
136159
136169
136199
136219
136229
136239
136289
136339
136349
136369
136389
136439
136469
136509
136529
136549
136589
136599
136639
136679
136699
136799
136829
136909
136919
137009
137039
137069
137099
137269
137309
137329
137389
137459
137479
137499
137509
137549
137569
137579
137589
137599
137649
137679
137719
137729
137759
137789
137809
137859
137879
137929
137939
137959
137969
137989
138009
138019
138029
138049
138119
138169
138199
138219
138259
138309
138359
138379
138399
138419
138439
138479
138499
138589
138619
138659
138709
138729
138779
138809
138839
138949
138979
138989
139039
139089
139099
139179
139219
139249
139259
139289
139319
139379
139399
139489
139519
139529
139569
139579
139639
139649
139769
139789
139809
139819
139829
139849
139879
139889
139929
139949
139979
140029
140039
140059
140079
140089
140109
140179
140209
140219
140279
140329
140349
140359
140369
140389
140399
140479
140489
140509
140519
140559
140569
140579
140599
140669
140719
140749
140789
140819
140849
140879
140899
140969
141019
141059
141069
141089
141119
141139
141149
141239
141259
141279
141289
141299
141339
141369
141379
141389
141419
141469
141479
141699
141749
141779
141799
141809
141839
141869
141889
141909
141929
141979
141989
142079
142089
142109
142139
142199
142219
142249
142259
142289
142309
142339
142349
142379
142399
142409
142419
142429
142459
142489
142539
142579
142629
142679
142729
142769
142819
142849
142859
142889
142909
142919
143039
143049
143059
143069
143099
143119
143149
143179
143219
143279
143309
143339
143389
143399
143459
143479
143529
143539
143549
143579
143589
143599
143639
143679
143689
143709
143749
143759
143769
143799
143809
143839
143889
143959
144019
144029
144049
144059
144069
144079
144089
144119
144129
144149
144199
144209
144239
144269
144309
144319
144329
144389
144469
144499
144619
144649
144679
144689
144749
144769
144799
144809
144869
144919
144929
144959
144979
145019
145029
145039
145049
145059
145129
145149
145169
145199
145229
145239
145279
145309
145319
145339
145409
145419
145429
145439
145479
145499
145519
145529
145559
145599
145619
145649
145659
145689
145699
145739
145769
145779
145839
145849
145859
145869
145889
145909
145919
145939
146029
146039
146089
146109
146119
146129
146149
146159
146209
146269
146279
146339
146399
146429
146459
146489
146549
146569
146579
146599
146629
146659
146729
146759
146779
146789
146829
146839
146859
146869
146879
146899
146909
146959
146969
146999
147119
147129
147169
147279
147309
147329
147349
147359
147379
147439
147469
147479
147509
147529
147549
147559
147569
147579
147599
147639
147659
147669
147749
147759
147809
147839
147869
147899
147909
147929
147959
147979
147989
148019
148039
148069
148109
148129
148169
148259
148269
148299
148309
148319
148359
148389
148489
148499
148559
148569
148589
148679
148699
148719
148729
148739
148759
148769
148839
148849
148879
148909
148919
148939
148969
148979
148999
149029
149149
149179
149219
149259
149279
149299
149329
149339
149369
149379
149429
149469
149479
149539
149559
149569
149599
149619
149639
149779
149789
149819
149829
149879
149889
149929
149959
149999
150019
150079
150099
150109
150119
150139
150149
150179
150229
150269
150279
150349
150359
150369
150389
150409
150419
150429
150459
150469
150509
150519
150599
150619
150679
150699
150739
150749
150799
150819
150859
150899
150909
150949
150999
151039
151069
151079
151089
151099
151109
151139
151229
151239
151269
151309
151349
151409
151419
151469
151529
151539
151559
151629
151639
151649
151679
151689
151699
151709
151739
151789
151859
151919
151979
152009
152059
152069
152089
152099
152119
152129
152149
152159
152169
152179
152259
152309
152369
152399
152409
152449
152489
152509
152549
152569
152619
152659
152669
152689
152699
152719
152749
152759
152869
152949
152979
152999
153029
153079
153119
153139
153149
153169
153179
153199
153229
153239
153299
153329
153389
153479
153559
153569
153599
153609
153619
153679
153759
153779
153789
153799
153809
153829
153839
153859
153869
153899
153919
153979
153989
154039
154109
154139
154149
154169
154189
154199
154209
154219
154239
154249
154289
154319
154379
154419
154469
154499
154509
154519
154529
154559
154609
154639
154649
154689
154709
154729
154739
154779
154819
154829
154939
154949
154969
154979
154999
155029
155039
155049
155099
155109
155129
155139
155159
155179
155189
155199
155279
155329
155339
155369
155389
155409
155469
155479
155639
155659
155669
155679
155749
155789
155819
155879
155899
155909
155939
155959
155989
155999
156029
156049
156079
156149
156179
156189
156199
156209
156279
156289
156309
156369
156379
156389
156479
156489
156499
156509
156559
156569
156599
156629
156669
156739
156759
156779
156809
156829
156859
156869
156929
156939
156999
157009
157039
157099
157129
157139
157159
157169
157249
157289
157299
157309
157319
157369
157379
157439
157469
157499
157529
157539
157589
157659
157699
157709
157749
157759
157789
157809
157819
157849
157909
157919
157949
157969
158019
158059
158069
158089
158119
158149
158159
158169
158179
158199
158219
158299
158309
158339
158399
158459
158549
158579
158609
158639
158649
158659
158669
158689
158719
158729
158779
158789
158839
158879
158919
158929
158939
158969
158979
159009
159069
159089
159109
159269
159279
159289
159329
159379
159419
159439
159449
159479
159509
159529
159609
159659
159679
159719
159819
159829
159859
159879
159949
159959
160039
160069
160099
160109
160129
160199
160219
160229
160289
160349
160359
160379
160399
160429
160439
160469
160489
160519
160549
160559
160609
160679
160689
160799
160819
160849
160859
160899
160919
160939
160999
161029
161079
161089
161129
161179
161189
161219
161249
161269
161299
161329
161349
161359
161369
161389
161399
161409
161419
161429
161439
161449
161489
161549
161629
161669
161689
161699
161719
161759
161819
161909
161929
161939
161979
161989
162049
162139
162149
162179
162199
162219
162249
162259
162299
162329
162349
162379
162469
162479
162539
162559
162569
162599
162619
162659
162689
162759
162869
162879
162899
162949
162959
162969
162979
163049
163069
163099
163119
163139
163159
163189
163239
163289
163299
163319
163329
163339
163349
163369
163379
163389
163399
163459
163499
163509
163519
163529
163559
163579
163589
163649
163659
163669
163689
163739
163769
163799
163849
163869
163879
163889
163919
163929
163939
163949
163969
163999
164059
164069
164129
164139
164159
164219
164289
164319
164479
164489
164499
164509
164549
164579
164629
164639
164649
164659
164669
164699
164759
164819
164899
164909
164929
164939
164949
164959
164969
164989
165029
165099
165119
165139
165149
165169
165219
165239
165259
165269
165289
165299
165309
165329
165389
165409
165439
165489
165499
165619
165659
165689
165739
165769
165809
165839
165859
165869
165889
165899
165909
165919
165929
165939
165949
165959
165979
165989
166019
166029
166039
166109
166119
166139
166229
166249
166279
166309
166359
166369
166379
166459
166529
166559
166589
166639
166699
166709
166759
166769
166789
166819
166889
166939
167019
167059
167129
167179
167189
167199
167209
167239
167279
167289
167369
167379
167419
167459
167469
167549
167609
167619
167649
167659
167669
167689
167699
167719
167749
167789
167839
167849
167889
167929
167939
167989
168009
168019
168049
168059
168079
168139
168179
168239
168279
168289
168319
168329
168349
168359
168369
168379
168389
168419
168429
168479
168509
168529
168539
168659
168679
168689
168709
168739
168749
168779
168799
168809
168829
168839
168879
168889
168919
168949
168979
168989
168999
169039
169139
169179
169229
169289
169359
169379
169429
169439
169469
169529
169559
169619
169629
169669
169679
169699
169729
169739
169759
169779
169829
169879
169899
169939
169949
