3 11 17
5 29 73
5 17 29
5 13 17
7 19 67
7 31 73
7 13 31
7 23 41
7 73 103
7 13 19
13 61 397
13 37 241
13 97 421
13 37 97
13 37 61
15 47 89
17 41 233
17 353 1201
19 43 409
19 199 271
23 199 353
29 113 1093
29 197 953
31 991 15361
31 61 631
31 151 1171
31 61 271
31 61 211
31 271 601
31 181 331
33 101 197
35 647 7549
35 443 3877
37 109 2017
37 73 541
37 613 1621
37 73 181
37 73 109
41 1721 35281
41 881 12041
41 101 461
41 241 761
41 241 521
41 73 137
41 61 101
43 631 13567
43 127 2731
43 271 5827
43 127 1093
43 211 757
43 631 1597
43 127 211
43 211 337
43 433 643
43 547 673
43 3361 3907
47 3359 6073
47 1151 1933
47 3727 5153
53 157 2081
53 79 599
53 157 521
59 1451 2089
61 421 12841
61 181 5521
61 1301 19841
61 277 2113
61 181 1381
61 541 3001
61 661 2521
61 271 571
61 241 421
61 3361 4021
65 4289 139393
65 257 5569
65 193 3137
65 193 449
65 193 257
67 2311 51613
67 331 7393
67 331 463
71 911 9241
71 421 4271
71 701 5531
71 631 4481
71 271 521
71 421 491
71 631 701
73 601 21937
73 937 13681
73 157 2293
73 379 523
77 191 4903
77 2053 39521
77 13 101
77 13 41
79 2237 25247
83 6971 289297
83 2953 4019
85 673 19069
85 97 2749
85 113 1373
85 197 1289
85 29 113
85 257 509
87 173 3011
87 197 1559
87 263 521
89 617 27457
89 4049 120121
89 881 7129
89 617 3433
89 353 617
91 4231 128341
91 19 577
91 19 433
91 1747 26497
91 73 739
91 103 853
91 37 307
91 19 109
91 37 199
91 229 907
91 19 73
91 5581 15391
91 61 151
91 73 163
91 31 61
91 19 37
91 181 271
95 29 919
95 4889 51607
95 29 163
97 1201 38833
97 769 10657
97 673 8161
97 193 1249
97 2113 5857
97 673 769
101 1301 43801
101 151 251
103 3571 183907
103 5407 185641
103 1123 6427
103 647 1361
103 3877 4591
107 743 15901
107 3181 26183
107 743 1061
109 229 4993
109 541 9829
109 241 2389
109 1297 12853
109 433 2053
109 541 2269
109 1657 6229
109 1801 4789
109 379 919
109 163 379
113 337 9521
113 827 18691
113 6833 85793
113 8737 22961
113 337 449
115 229 8779
115 97 859
115 859 3529
119 709 6491
119 229 251
127 631 26713
127 16633 422479
127 2143 30241
127 991 3313
127 659 1373
131 17291 1132561
131 911 59671
131 5851 191621
131 1171 38351
131 4421 115831
131 491 4021
131 1301 8971
131 521 3251
131 521 2731
131 571 1871
131 911 2341
133 541 35977
133 181 12037
133 61 4057
133 67 2971
133 277 7369
133 67 1783
133 67 991
133 157 2089
133 661 2377
133 67 199
133 373 937
133 25609 55837
133 607 1171
133 397 661
137 409 14009
137 953 5441
137 3673 20129
137 5441 11833
139 4969 138139
139 4003 92737
139 3359 66701
139 4969 8971
139 17389 21391
139 691 829
143 17 271
143 2131 8237
143 17 31
145 7057 511633
145 10657 515089
145 73 3529
145 577 1009
145 127 199
149 593 29453
149 1481 3109
151 2551 192601
151 751 28351
151 751 12601
151 4951 53401
151 331 3571
151 751 8101
151 211 541
151 701 1451
151 601 751
157 4993 261301
157 313 16381
157 1093 42901
157 313 9829
157 26053 409033
157 1093 15601
157 2017 28789
157 313 2341
157 937 6397
157 313 1093
157 4993 11701
159 317 4583
161 13121 704161
161 41 1321
161 1889 19009
163 487 15877
163 1297 42283
163 1621 37747
163 379 2377
163 487 2269
163 487 811
163 811 1297
167 29383 490697
167 4483 34031
173 10321 255077
173 1291 31907
173 36809 155317
177 35729 243233
179 10859 485941
179 9257 57139
179 1069 4451
179 3739 7121
181 733 66337
181 16561 999181
181 271 9811
181 1693 43777
181 541 12241
181 541 3061
181 3061 9721
181 5881 9421
181 11161 15661
181 631 811
181 2953 3637
185 89 8233
185 1289 59617
185 9109 129629
185 1289 13249
185 139 599
185 1657 6257
185 1289 1657
187 19 1777
187 571 35593
187 31 1933
187 73 2731
187 37201 535123
187 373 2791
191 12541 342191
191 571 15581
191 3877 56963
191 1901 9311
191 1901 7411
191 421 431
193 577 55681
193 2689 172993
193 577 22273
193 401 11057
193 7681 211777
193 2689 30529
193 577 5569
193 257 1601
193 1249 2593
193 61057 94273
199 991 32869
199 397 11287
199 937 20719
199 397 4159
199 8713 82567
199 859 2311
199 4159 8713
209 3457 103217
209 6449 168481
211 631 66571
211 421 29611
211 1051 55441
211 2311 54181
211 4201 98491
211 421 9871
211 3221 35771
211 1051 9241
211 4019 11159
211 3571 9661
211 1741 4651
211 1831 4111
211 32341 70351
211 68041 127051
211 281 491
211 421 631
211 2521 3571
213 1061 112997
213 641 1277
217 23761 1718713
217 271 19603
217 433 31321
217 1381 23053
217 2161 36073
217 271 1783
217 5113 16561
217 653 1301
217 3673 6481
217 163 271
217 3457 4969
217 4561 6073
221 29 2137
221 641 47221
221 1181 17401
221 3697 26357
221 541 2441
221 881 3301
221 23 67
221 281 541
221 41 61
221 661 881
223 25087 1864801
223 1777 23311
223 5107 37963
223 14653 79699
223 2221 5107
227 7459 423299
227 21019 91757
227 1583 6781
227 2713 5651
229 1597 182857
229 2243 73379
229 457 3877
229 571 4219
229 7069 32377
229 457 2053
233 5569 185369
235 157 859
235 2683 10009
239 1667 66403
239 409 3911
239 32369 234431
239 1667 6427
239 1429 1667
241 6481 780961
241 433 52177
241 7321 588121
241 5521 110881
241 337 4513
241 3361 32401
241 1361 4001
241 84961 181201
241 1201 2161
241 2161 3361
247 61 5023
247 10333 510451
247 2953 145879
247 73 3607
247 103 3181
247 631 2293
247 61 163
247 1231 2953
247 2143 4813
247 727 1549
247 97 199
247 743 1481
247 2593 3463
251 31751 2656501
251 16001 803251
251 2251 56501
251 22501 297251
251 4751 22501
251 751 3251
251 3251 4001
257 769 49409
257 67073 3447553
257 641 4993
257 78593 403969
257 641 1153
259 1579 102241
259 17029 882103
259 1549 80239
259 541 12739
259 103 2053
259 71209 1084891
259 1033 15739
259 571 5689
259 241 619
259 739 1741
259 73 139
259 1291 1549
263 71527 1881161
263 787 2621
263 1049 3407
263 6551 12577
265 313 10369
265 73 313
265 15137 50777
267 617 4019
269 4289 384581
269 1877 126229
269 10453 65393
269 15277 21977
271 8191 1109881
271 10531 1426951
271 811 109891
271 14797 1336663
271 541 48871
271 2161 65071
271 4861 77491
271 1801 16831
271 1171 7741
271 8641 47791
271 9631 52201
271 811 2971
271 541 811
271 4591 4861
277 829 7177
277 1381 11593
277 6073 31741
277 18493 88321
277 1381 6073
277 3313 9661
277 19597 36433
277 1381 1933
281 1321 23201
281 4201 34721
281 1009 4649
281 7121 26681
281 25621 84701
281 4201 9521
281 421 701
281 9521 13721
281 617 673
283 4231 598687
283 17203 58657
287 27743 1990561
287 53 1171
287 607 10889
287 6689 112927
293 1607 31391
293 877 16061
293 877 11681
293 877 4673
293 3943 5987
299 1193 2683
307 919 141067
307 18973 1941571
307 613 62731
307 3673 225523
307 6427 246637
307 613 12547
307 17443 153001
307 613 4591
307 2143 13159
307 613 1531
307 1531 3673
307 613 919
311 2791 217001
311 1117 26723
311 26041 323951
311 2791 21701
311 28211 165541
311 3659 7069
311 1303 2357
311 23251 33791
311 44641 52391
313 49297 5143321
313 3793 395737
313 937 58657
313 9049 472057
313 3433 179089
313 521 23297
313 1249 55849
313 12637 359581
313 51481 947857
313 3433 38377
313 7177 70201
313 1093 6709
313 129169 400297
313 66457 184081
313 5449 12097
313 6577 8761
317 104281 2542853
317 18013 41081
319 51199 5444161
319 79 4201
319 61 139
319 2767 6217
319 1129 1471
323 2297 148387
323 47 1381
323 43 113
323 1979 3313
331 3331 551281
331 991 164011
331 661 72931
331 37181 1758131
331 947 24113
331 661 16831
331 37951 897271
331 991 23431
331 2971 49171
331 1321 17491
331 41141 316691
331 2311 12541
331 991 4621
331 4051 18121
331 4621 14851
331 661 991
335 7349 63127
337 421 47293
337 16369 1379089
337 3697 311473
337 673 45361
337 449 21617
337 58129 2176609
337 19489 597073
337 673 15121
337 953 8681
337 1597 12517
337 2473 11113
337 1009 3697
337 3697 12097
337 673 1009
337 35393 40433
341 431 48991
341 461 39301
341 1021 87041
341 29411 2005831
341 1361 66301
341 7001 265261
341 251 9511
341 3061 104381
341 61 2081
341 30091 789311
341 61 1601
341 17341 369581
341 61 1301
341 151 2711
341 12853 118457
341 421 3881
341 61 521
341 61 401
341 1021 5441
341 1361 5101
341 8641 32381
341 5441 17341
341 9161 26701
341 73 197
341 9661 23201
341 61 101
341 41 61
341 3571 4931
341 113 157
341 1021 1361
347 40483 3511901
347 3461 92383
347 4153 29411
349 122149 21315001
349 929 7541
349 4177 24709
349 4177 20533
349 3191 12239
349 1741 2089
353 1321 66617
353 617 19801
353 130241 2704417
353 13217 77761
353 1153 5153
359 43319 3887881
359 46183 592133
365 677 20593
367 733 89671
367 733 38431
367 9151 419803
367 28183 574621
367 733 7687
367 5003 42701
367 1831 9883
367 733 1831
367 24889 51607
371 131 8101
371 1481 16651
371 4441 27011
373 139501 26016937
373 5581 1040857
373 1613 150413
373 1117 52081
373 1117 29761
373 16741 81097
373 1117 5209
373 1117 1861
377 383 28879
377 73 2753
377 2633 45121
377 41 673
377 433 2969
377 113 601
377 2633 5641
377 1553 2857
377 21433 26321
379 757 26083
379 6427 202987
379 10639 268813
379 631 9199
379 2269 24571
379 2539 21871
379 757 4159
379 9829 17011
383 74873 3186263
383 38201 860647
383 33617 40111
389 3299 6791
391 661 51691
391 79 3433
391 83 1709
393 281 55217
397 79201 10480933
397 19801 2620333
397 2971 51283
397 55837 852589
397 99793 370261
397 1783 4951
397 4357 8317
397 30097 56629
401 161201 32320801
401 1201 120401
401 2161 216641
401 2801 93601
401 18401 567601
401 2801 43201
401 9601 70001
401 2801 9601
401 641 2161
401 1201 2801
401 9521 19681
401 1201 1601
401 15601 18401
403 811 163417
403 2011 115777
403 2011 67537
403 67 1801
403 61 1447
403 37 211
403 2011 11257
403 367 1741
403 2011 7237
403 2011 3217
407 71 3613
407 491 15373
407 6323 88741
407 185543 1510321
407 113 631
409 21013 2864773
409 7039 575791
409 6529 381481
409 35089 683401
409 6121 96289
409 6529 22441
409 36721 114649
409 2857 6529
415 3313 152767
419 47653 539639
419 22573 78167
419 15467 47653
421 35533 7479697
421 89041 12495421
421 7561 289381
421 631 24151
421 3851 85331
421 631 11551
421 13441 209581
421 701 8681
421 42589 208489
421 701 2381
421 20231 54251
421 18481 39901
421 9661 15121
427 859 183397
427 2131 303313
427 5113 436651
427 163 13921
427 853 40471
427 2557 99259
427 8521 279883
427 12781 237283
427 7243 46861
427 8521 49843
427 3331 11113
427 853 2131
427 2131 5113
427 313 331
431 1979 142159
431 8171 586951
431 1721 29671
431 13331 168991
431 8171 55901
433 6481 1403137
433 3457 99793
433 1297 28081
433 2593 48817
433 1297 21601
433 3697 55201
433 6481 87697
433 937 11593
433 2161 16417
433 2953 21673
433 3457 23761
433 1297 8641
433 3457 6481
433 1297 2161
437 29 3169
437 29 397
439 9199 2019181
439 3067 673207
439 96799 14164921
439 64679 7098521
439 3943 45553
439 10513 17959
443 1327 58787
443 102103 2380613
443 1327 30941
443 251057 889747
443 1327 4421
443 2029 4967
443 74257 143651
443 167077 236471
445 97 14389
449 202049 45360001
449 50849 4566241
449 145601 325249
449 2689 3137
451 22651 5107801
451 2251 253801
451 1801 162451
451 5801 201251
451 43201 671851
451 4051 52201
451 2551 19501
451 41851 176401
451 1051 3001
451 1801 2251
455 69463 7901417
455 919 104537
455 103 11717
455 222007 2970977
455 359 1993
455 139 653
455 503 769
455 58567 83537
457 71593 2337001
457 3877 93253
457 73721 1203233
457 114001 1211593
457 21433 163249
457 7297 32377
457 28729 55633
457 5701 8893
457 15733 19381
461 26681 4099981
461 1381 159161
461 1013 38917
461 3541 23321
461 5981 24841
461 691 1151
463 214831 49733377
463 218527 10117801
463 6007 39733
463 2927 15401
467 141199 474389
469 73477 17230357
469 397 46549
469 79 1951
469 229 4297
469 829 6481
473 827 23011
473 137 1201
479 57839 219881
481 5281 846721
481 367 25219
481 241 16561
481 421 22501
481 97 2593
481 379 7927
481 2593 38977
481 73 457
481 97 577
481 61 181
481 151 271
481 13381 15661
481 577 673
481 2593 2689
485 1453 100673
485 109 1889
487 17011 2761453
487 1783 108541
487 1459 8263
487 26731 110323
487 12637 32563
487 1531 2683
487 51517 69499
487 8263 9721
487 1621 1783
491 6959 569479
491 122501 6683111
491 1471 32831
491 16661 154351
491 1471 10781
491 386611 637001
491 41651 46061
493 337 4261
493 1381 3457
493 1481 2957
493 4933 7393
493 11173 12577
499 997 18427
499 997 4483
499 10459 39841
503 5021 21587
509 86869 11054081
509 3557 41149
509 11939 110491
509 7621 23369
511 4591 1173001
511 131071 22325761
511 1291 131941
511 191 2441
511 2287 4657
511 1021 1531
515 149 25579
515 1129 11867
517 1033 178021
517 1049 77477
517 1033 59341
517 1291 51343
517 1109 15497
517 173 1721
517 113 461
521 1301 8581
521 21841 41081
523 6091 1592797
523 1567 163909
523 15661 481807
523 9397 140419
523 155557 1114471
523 193663 462493
523 38629 69427
527 179 13477
527 191 433
533 2129 378253
533 1597 212801
533 1597 85121
533 15233 738109
533 1597 53201
533 2927 91771
533 42257 979261
533 769 9533
533 18313 80669
533 61 257
541 7561 818101
541 811 87751
541 1621 109621
541 16561 814501
541 6661 257401
541 1621 30241
541 12421 197641
541 1621 15661
541 7561 54541
541 1621 7561
541 811 3511
545 433 4817
545 1217 2017
545 75617 96289
547 6553 716899
547 2731 186733
547 7333 235951
547 158341 2624623
547 52963 827737
547 2731 39313
547 2731 31123
547 6553 55147
547 1093 8191
547 26209 186187
547 6553 35491
547 1093 2731
547 2731 6553
551 304151 83793601
551 317351 6725401
551 14851 190301
551 101 1051
551 73 239
551 199 617
553 21529 372049
553 2393 22817
557 23909 6658657
557 38921 7226333
557 1669 232409
557 1669 42257
557 350281 2672693
559 156799 29216881
559 2539 283861
559 39619 2460781
559 35279 1972097
559 181 9199
559 631 4969
559 433 2143
559 20089 89839
559 4651 10789
561 401 3041
563 28663 329333
565 2269 640993
565 157 2689
565 1697 3389
569 324329 92271601
569 13633 1108169
569 2273 117577
569 22153 787817
569 17609 500977
569 21017 37489
569 17609 25561
571 65323 18649717
571 2851 406981
571 13681 1562371
571 661 16411
571 2851 47881
571 2851 19381
571 6841 43891
571 2851 13681
571 2281 2851
573 25301 7248737
577 757 39709
577 339841 15083713
577 20161 646273
577 5569 100417
577 1153 20161
577 1153 19009
577 1153 12097
577 1153 8641
577 1153 6337
577 6337 26497
577 53857 181729
577 559297 819073
577 32833 37441
577 79777 86689
581 1277 57073
581 821 6361
587 49811 3654883
587 9377 54499
587 5861 33403
587 12893 36919
589 43 8443
589 109 12841
589 2521 134989
589 211 11299
589 6469 238141
589 6469 141121
589 151 1459
589 1609 11701
589 2269 15541
589 127 547
589 37 97
589 421 1009
593 176417 34871761
593 35521 3009137
593 21017 31081
595 90289 4132459
595 433 19819
595 1783 22573
595 19 73
595 199 397
595 5953 8923
595 69499 90289
599 179999 35939801
599 120199 17999801
599 368369 12979591
599 2393 84319
599 266111 547769
601 1801 541201
601 4801 412201
601 52201 3921601
601 3001 200401
601 5101 278701
601 9001 386401
601 3121 38281
601 99901 923701
601 3301 5101
601 1201 1801
601 19801 28201
601 6151 7951
601 4201 4801
607 4243 1287751
607 370873 45023983
607 61813 7504099
607 24847 1885267
607 186649 12588439
607 373903 22695913
607 1213 27271
607 21817 322999
607 1213 16363
607 1213 9091
611 691 42221
613 9181 2813977
613 1021 312937
613 1327 73951
613 1429 23053
613 7549 87313
613 12241 111997
613 2857 17341
613 51817 213181
613 246637 783361
613 919 2143
613 364753 386173
617 383153 47281081
617 8009 705937
617 29569 2606297
617 129361 6139673
617 137369 1629937
617 16633 120737
617 73613 133981
617 661 1013
617 59753 81929
619 5563 1721749
619 1237 109387
619 28429 703903
619 398611 9490009
619 2267 26987
619 1237 12979
619 92083 452377
619 1237 4327
619 53149 56239
623 15551 4844137
623 683 7213
629 2621 63409
629 53 73
631 1471 46411
631 5881 90511
631 26209 82279
631 32831 67481
635 1459 9857
641 17921 3829121
641 17921 370561
641 19841 176641
641 4481 21121
641 12161 26881
641 4481 7681
643 107857 2391451
647 444449 7013623
647 4523 19381
647 188633 532951
647 64601 75583
653 13367 2909551
653 176041 732197
659 434939 143312401
659 73039 6876101
659 23689 624443
659 92779 1329161
659 30269 92779
659 2633 5923
659 27919 34781
661 5281 1163581
661 4621 763621
661 991 131011
661 22111 1623931
661 1321 97021
661 1321 32341
661 5281 81181
661 3301 19141
661 22441 95701
661 3301 12541
661 1321 4621
661 3191 6491
661 2131 4231
661 138821 152681
665 1993 331337
665 2729 106753
665 73 593
665 53 397
665 1993 2657
667 67 11173
667 4243 70753
667 263071 1426573
667 2003 4001
667 51283 53281
671 131 17581
671 4691 108541
671 24121 330311
671 601 8231
671 2131 7901
673 2017 678721
673 2017 271489
673 13441 1292257
673 231841 9178177
673 1009 14449
673 2017 13441
673 40801 155137
673 3361 12097
673 2017 3361
677 4733 1602121
677 2029 85853
677 45293 511057
677 6761 25013
679 139 8581
683 8867 1009361
683 94117 9183131
683 42967 2934647
683 11161 206027
683 15749 32303
683 8867 16369
685 3877 14593
691 7591 2622691
691 6211 2145901
691 16561 2288731
691 34501 2648911
691 69691 3009781
691 31051 71761
691 743131 1330321
695 172807 2309633
697 2089 728017
697 4201 976033
697 421 97813
697 673 156361
697 61 14173
697 457 53089
697 233 23201
697 1409 140297
697 79 967
697 421 2053
697 73 241
701 3701 1297201
701 3851 899851
701 2801 178501
701 41651 2245951
701 2801 38501
701 53201 632101
701 46901 319201
701 52501 296801
701 44101 170801
701 2801 10501
701 18401 58901
701 6301 7001
703 4231 1487197
703 3511 1234117
703 271 95257
703 3187 448093
703 937 131743
703 1279 128449
703 43 2749
703 109 6967
703 45631 2673217
703 271 15877
703 241 9967
703 19927 400249
703 109 1783
703 5851 87517
703 1621 24247
703 1567 21601
703 4591 52057
703 199 2089
703 93601 678367
703 271 1297
703 9829 35803
703 271 757
703 45631 117937
703 79 157
703 109 163
709 36109 5120257
709 7789 141601
709 210277 819157
709 4957 12037
709 9677 21713
709 7789 16993
713 39161 13960897
719 97649 190271
721 12241 326881
721 563041 6654961
721 63601 619681
721 72481 282481
721 87281 170081
721 991 1531
727 176419 64128307
727 2179 792067
727 1453 352111
727 176903 32152121
727 4423 321553
727 2663 193601
727 1453 70423
727 1453 10891
727 308551 1823713
727 651223 2784937
727 1453 3631
727 3631 8713
727 1453 2179
731 211 38561
731 61 911
731 1153 2003
733 25621 9390097
733 22571 2363507
733 271573 22118113
733 18301 789097
733 5857 84181
733 150427 1238911
733 631717 3561913
733 13177 47581
739 10333 2545363
739 3691 454609
739 62731 1783009
739 152029 1321759
739 821 4019
743 6679 225569
743 596569 7266407
743 6997 9011
745 55057 594457
745 16369 27529
749 51341 6409069
751 2851 237901
751 191251 10259251
751 153001 1767751
751 123001 1338751
751 21751 181501
751 318751 2418001
751 109751 649001
751 2251 10501
753 2417 4001
757 2269 858817
757 287281 72490573
757 15121 3815533
757 32257 2219869
757 627481 6506893
757 2017 18397
757 184843 633151
757 27541 79273
757 33013 59221
761 3041 771401
761 8969 1137569
761 19001 1032841
761 149341 4545941
761 2129 31769
761 41801 497041
761 13681 101081
761 230281 1184081
761 6841 19001
761 314641 497801
761 251941 339341
761 2281 3041
763 5107 44281
763 193 1459
763 2137 5347
769 592129 227673601
769 41729 697601
769 6529 9601
773 14669 1889857
773 77201 2210237
773 22003 122363
773 44777 47093
781 2341 914161
781 305761 79599781
781 76441 19900141
781 30577 7960213
781 2731 710971
781 5881 1531021
781 204101 39850721
781 1301 254021
781 751 30871
781 229 4969
781 16381 216841
781 2221 24781
781 1171 2731
781 45319 92899
781 11701 22621
781 14821 21841
781 46021 62401
781 1201 1621
785 1009 23297
787 3931 386713
787 106373 3348623
787 3931 64453
787 5503 45589
787 3931 25153
787 3931 9433
793 57241 22696057
793 19081 7565617
793 1321 523777
793 457 72481
793 73 9649
793 63361 7177897
793 67 7591
793 9601 1087657
793 1201 136057
793 151 17107
793 641 72617
793 18217 1203841
793 2377 110881
793 541 25237
793 67 2311
793 13597 347821
793 6337 106921
793 1801 25057
793 7121 58217
793 331 2707
793 34057 245521
793 991 5347
793 67 331
793 2221 5557
793 2251 3907
793 267301 380557
793 107857 121321
795 644729 30150563
797 2389 476009
797 58109 7718813
797 21493 428249
797 148853 859681
797 5573 28657
797 3583 16319
797 5573 11941
799 127 337
805 3229 1299673
805 193 1453
805 8053 12073
809 82013 22116173
809 9697 1120697
809 5657 77569
809 176549 2197357
809 453289 1171601
809 78781 176549
809 5657 9697
811 1621 438211
811 4591 744661
811 19441 3153331
811 77761 1189891
811 86131 478441
811 4051 19441
811 6481 17011
817 39313 16059361
817 674833 55133857
817 193 10513
817 17137 608737
817 433 3217
817 241 673
817 337 577
817 613 1021
821 137597 6275953
821 1231 6971
821 15581 42641
823 61651 25369387
823 2467 1015171
823 4111 483337
823 341953 31269703
823 4933 369079
823 4111 281947
823 27127 637873
823 4111 80557
823 2467 31237
823 4111 23017
823 4933 9043
823 2467 4111
827 342791 94496053
827 687233 113668339
827 691363 57175721
827 22303 1844459
827 101009 2880499
827 24781 476603
827 2243 2833
827 4957 5783
829 10949 2269181
829 24841 1872109
829 140761 5556709
829 1657 65413
829 1657 17389
829 9109 24841
829 9109 15733
839 5867 223747
843 4211 1774937
843 4211 6737
851 443 53857
851 390151 4955501
851 7481 87211
851 1451 1801
853 12781 5451097
853 7669 3270829
853 7669 594697
853 2557 68161
853 17041 309277
853 19597 185737
853 2557 17041
853 2557 4261
857 6421 127973
857 10273 160073
857 796937 9229393
857 95873 115561
859 8581 670099
859 9439 150151
859 8581 60919
859 321751 1039039
859 27457 66067
859 2861 3719
859 8581 9439
863 24137 4166047
863 28447 153437
863 38791 62927
863 24137 38791
863 56893 68099
865 4969 477577
869 109741 5960309
869 2029 12161
871 84391 36752281
871 10151 2210381
871 109621 8679991
871 281 9791
871 83 2333
871 4591 85081
871 727 6529
871 1124041 2325511
871 8713 13063
877 24091 7042603
877 36793 6453493
877 6133 1075729
877 263677 8894029
877 1753 56941
877 3067 30223
877 6133 8761
881 2861 840181
881 130241 16391761
881 22441 57641
883 260191 114874327
883 21757 3842287
883 15877 824671
883 46747 2293201
883 8191 267877
883 403957 10808911
883 16633 358219
883 2647 46747
883 2647 44101
883 42337 216091
883 30871 134947
883 11467 35281
883 126127 161407
883 507151 531847
887 14177 50503
893 11597 240841
899 202949 36490231
899 62861 5137459
901 101 13001
901 73 9397
901 2341 234361
901 829 39313
901 2341 9721
907 164893 49852651
907 137713 24981139
907 7853 16007
911 2003 912367
911 55511 12642631
911 30941 4026751
911 9283 1208117
911 11831 898171
911 175631 2962961
911 227501 2328691
911 185641 1551551
911 9311 55441
911 16381 28211
911 167441 204751
919 60589 11136259
919 8263 949213
919 877609 21797911
919 15607 170749
919 311203 2918323
919 129439 569161
919 156979 321301
923 219437 6984151
929 42689 1071841
929 6961 35729
929 5569 23201
929 139201 307169
937 38377 5993209
937 21529 3362113
937 7489 1002457
937 6553 767521
937 1873 70201
937 177841 820873
937 6553 7489
941 6581 1548181
941 44651 4668511
941 8461 361901
941 28201 243461
941 209621 1133641
941 355321 1732421
941 5171 23971
941 28201 102461
941 322891 701711
941 6581 8461
943 445567 140056561
943 67 21061
943 89491 12055717
943 337 35311
947 29327 1983763
947 307451 10398433
947 47129 299539
949 421 12889
949 1423 17539
949 2371 22279
949 33181 91009
949 16729 35677
949 343177 378253
953 2857 680681
953 2857 209441
953 2857 52361
953 159937 2771273
953 2857 12377
953 17137 69497
953 2857 9521
953 5881 18257
953 52361 159937
957 130973 62670581
957 30593 836501
957 479 3347
967 1933 623071
967 156493 30265747
967 26083 5044453
967 11593 2242087
967 62791 7589863
967 4831 359353
967 88873 1909783
967 1933 41539
967 1289 25439
967 1933 4831
967 4831 11593
971 472391 152897221
971 315251 76527181
971 12611 3061321
971 3881 753691
971 142591 2387171
971 110581 635351
971 8731 44621
971 169751 648931
971 1324051 3263081
973 2917 567649
973 37693 495613
977 478241 155747153
977 2441 794953
977 5857 440177
977 6833 39041
977 17569 41969
977 5857 12689
983 970217 190744663
983 8839 1241249
983 3929 67759
983 3929 8839
985 313 102769
985 24109 255349
989 245519 48563659
989 109 10781
989 82499 6276271
989 131 859
989 15809 74101
991 2971 1472131
991 4951 1226611
991 16831 1389961
991 110881 6463711
991 99991 5215321
991 10111 501001
991 4951 58411
991 56431 607861
991 658351 1924561
991 338581 890011
991 138403 336997
991 167311 312841
991 118801 206911
991 16831 26731
997 12451 4137883
997 1993 283861
997 1002973 99996409
997 167329 15166093
997 1993 132469
997 1993 94621
997 8467 367027
997 1993 56773
997 29383 450691
997 17929 130477
1001 41 20521
1001 401 133801
1001 41 13681
1001 3001 751001
1001 601 150401
1001 761 126961
1001 41 6841
1001 202001 22467001
1001 41 4561
1001 41 2281
1001 41 2161
1001 751 24251
1001 241 6521
1001 1181 19381
1001 277 2693
1001 241 1481
1001 41 241
1001 401 1801
1001 251 751
1001 601 1601
1001 35951 82351
1001 401 601
1001 3001 4001
1001 219001 226001
1003 4177 10771
1007 2069 77167
1007 263573 6473611
1009 510049 171546481
1009 42841 3929689
1009 3697 266449
1009 77617 1135009
1009 15121 177409
1009 49393 422353
1009 15121 86689
1009 86689 448561
1009 26209 99793
1009 20161 31249
1009 2521 3529
1013 22397 4537633
1013 94117 9534053
1013 3037 161921
1013 3037 76913
1013 1205293 6859337
1013 3037 16193
1013 43517 121441
1013 119923 297023
1013 3037 4049
1013 1925837 2191993
1013 1002893 1048433
1019 71261 2342419
1019 7127 83477
1019 97729 306419
1021 6733 3437197
1021 8161 2777461
1021 261631 53425051
1021 2381 110501
1021 135661 3221161
1021 36721 635461
1021 5101 70381
1021 16661 160481
1021 3001 13381
1021 1279081 5604901
1021 3061 8161
1031 15451 838421
1031 248231 1470841
1031 15451 19571
1033 76369 26296393
1033 1549 3613
1033 83077 95461
1033 18233 20297
1037 134681 46554733
1037 1481 511933
1037 12433 678581
1037 241 5813
1037 197 2689
1037 149 1777
1037 32117 236209
1037 6133 22961
1037 113 421
1037 3457 5189
1039 37369 7765279
1039 25951 198259
1039 9343 58129
1039 6229 30103
1039 102071 243239
1039 9689 19031
1049 57641 100609
1049 173969 298681
1051 368551 193673551
1051 2801 226451
1051 126001 4566451
1051 33601 954451
1051 1201 28051
1051 3851 82601
1051 21001 450451
1051 6301 124951
1051 130201 2105251
1051 321301 1951951
1051 24151 107101
1051 22051 65101
1051 6301 17851
1051 358051 575401
1051 119701 162751
1057 21121 7441633
1057 1321 465433
1057 353 93281
1057 193 40801
1057 2113 248161
1057 141769 8814697
1057 49633 2185921
1057 38273 291041
1057 267433 291721
1059 2699 9857
1061 12721 1928141
1061 10601 1249741
1061 1138441 92914301
1061 290971 8343791
1061 153701 1647241
1061 131441 779101
1061 4241 15901
1061 2969 8269
1061 3181 4241
1063 3187 1693891
1063 77527 2575351
1063 16993 77527
1063 37171 82837
1067 131 4993
1069 9613 5138149
1069 381989 102086561
1069 4273 652549
1069 82237 9767929
1069 165541 11060209
1069 2137 73693
1069 302779 4979551
1069 176221 2190469
1069 3739 8011
1069 70489 146317
1069 4273 7477
1073 1155617 247995409
1073 617 132409
1073 3217 75041
1079 146609 17576791
1087 35839 19478497
1087 394943 107325761
1087 45613 9916267
1087 1194601 99887023
1087 240007 14493757
1087 148783 1107721
1087 23531 74573
1087 5431 13033
1087 7603 10861
1087 2041681 2798623
1087 190051 246523
1091 23981 2907031
1091 618031 15680741
1091 354251 723761
1091 171131 235441
1093 398581 217824517
1093 21841 3410317
1093 2731 426427
1093 1204477 131649337
1093 200929 19965037
1093 48049 1029757
1093 2731 38767
1093 268997 763673
1093 2731 6007
1093 383657 413141
1097 7673 4208641
1097 151523 18468971
1097 411001 16102433
1097 161387 2185699
1097 7673 65761
1099 242659 44447041
1099 193 4003
1099 90403 730537
1099 12781 43759
1099 1171 3889
1099 367 733
1103 609407 224058641
1103 251257 1045799
1105 1222129 675226273
1105 17713 9786433
1105 433 239233
1105 193 71089
1105 53233 14705617
1105 97 15313
1105 4969 189337
1105 97 3697
1105 1489 8353
1105 97 337
1105 577 1777
1105 433 769
1105 23209 30937
1105 337 433
1109 17729 216061
1109 79777 473117
1111 33391 18548701
1111 151 41941
1111 16741 3719851
1111 2221 274171
1111 6961 157831
1111 3571 50221
1111 241 2551
1111 9631 21661
1111 1051 2341
1111 151 241
1117 5581 2077993
1117 10789 860809
1117 159589 6602257
1117 169633 1913941
1117 290161 1771093
1117 30133 129457
1117 5953 24181
1117 83701 303553
1117 8929 30133
1121 100801 2306081
1121 577 929
1121 449 673
1123 10099 5670589
1123 1265617 284257579
1123 60589 6185587
1123 49369 2640067
1123 1289179 55682617
1123 59467 695641
1123 23563 49369
1129 54709 1764757
1129 151153 808777
1129 32713 115057
1129 12409 40609
1135 54919 69337
1139 35279 75109
1141 20521 498181
1141 29641 99181
1145 9257 883273
1145 12637 46229
1147 211 30253
1147 2293 292231
1147 2377 66499
1147 163 4561
1147 433 6451
1147 383 3821
1147 2293 17191
1147 103 661
1147 43 181
1151 4831 1390121
1151 66701 215051
1151 155251 177101
1153 13441 7748737
1153 2689 1550209
1153 222337 51270913
1153 21377 1540481
1153 26497 1527553
1153 96769 4851073
1153 696961 14098177
1153 711937 9889921
1153 3457 23041
1153 1541377 9606529
1153 1754497 5467393
1157 1361 18973
1157 137 1429
1157 3469 32369
1159 499 192781
1159 5791 1118629
1159 1009 68791
1159 2389 79111
1159 157489 2808151
1159 1732369 5957911
1159 71 149
1159 11593 17383
1159 5791 6949
1163 1363027 158520041
1163 17431 921467
1163 15107 244021
1163 4649 10459
1163 15107 32537
1163 15107 17431
1165 2437 53569
1171 2341 913771
1171 5851 1712881
1171 57331 13426921
1171 16381 3836431
1171 2731 639601
1171 28081 6576571
1171 3931 575401
1171 2341 249211
1171 106921 7364971
1171 1951 78781
1171 2341 83071
1171 19891 647011
1171 10531 198901
1171 2341 38611
1171 11701 57331
1171 5851 28081
1171 69031 329941
1171 3511 16381
1171 379081 988651
1171 13339 26209
1171 10531 19891
1171 2341 3511
1181 43661 17187881
1181 58411 9854771
1181 4721 206501
1181 46021 1941101
1181 84961 248981
1181 3541 4721
1187 17791 364103
1187 47441 423403
1187 727019 1323577
1189 109 32401
1189 84349 5571721
1189 44029 1539721
1189 1009 27901
1189 109 2161
1189 181 3529
1189 1291 15199
1189 1009 7741
1189 630433 1860013
1189 8779 15511
1193 15497 6162641
1193 359389 32980853
1193 10729 984593
1193 15497 196681
1193 1720057 8208113
1193 94169 364753
1193 33377 60793
1199 17971 55109
1201 15101 2590901
1201 37201 5584801
1201 98801 3490001
1201 4801 37201
1201 14401 85201
1201 35617 151153
1201 9001 25801
1201 1801 4201
1201 493201 693601
1207 11161 408223
1207 73 991
1207 277 619
1211 811 1721
1213 70297 17054053
1213 64237 12986581
1213 3637 551461
1213 61813 6816289
1213 3637 169681
1213 3637 78781
1213 3637 31513
1213 3637 9697
1213 9091 18787
1213 224221 330877
1217 185441 75227233
1217 136193 11049793
1217 8513 690689
1217 41953 2042273
1219 1487179 906435601
1219 8779 305761
1229 104381 2788789
1229 12281 295949
1229 141221 1149409
1229 668033 2037253
1229 8597 14737
1231 1516591 933461761
1231 506351 155829521
1231 767521 55577551
1231 6151 140221
1231 608851 2950771
1231 6151 23371
1231 6151 11071
1235 1559777 66424987
1235 138209 1565947
1235 23 37
1237 2473 1019701
1237 13597 600697
1237 3709 158209
1237 1570957 57155113
1237 2473 55621
1237 2473 18541
1237 2473 13597
1237 2473 3709
1241 154753 27435497
1241 2161 48761
1241 804761 17521201
1241 54121 599681
1241 8681 29761
1241 11161 12401
1243 773767 320597461
1243 757 55351
1243 6211 208657
1243 4111 40237
1243 967 1381
1243 3457 4051
1247 883 84701
1247 2521 241823
1247 2549 117727
1247 5519 38449
1247 113 463
1247 72091 241013
1249 173473 108333889
1249 8737 2728129
1249 391249 97734001
1249 7489 1870753
1249 214033 2173393
1249 96097 876097
1249 6689 39041
1249 187409 423281
1249 2081 3329
1253 5009 2092093
1259 122027 76815997
1259 529619 166697581
1259 45289 1541051
1261 1009 424117
1261 577 242533
1261 45541 14356801
1261 36541 3071881
1261 1429 58129
1261 15649 458917
1261 109 1657
1261 20341 270001
1261 100801 1283941
1261 1009 12853
1261 436591 4404331
1261 421 3361
1261 101 641
1261 55441 170101
1261 310501 843841
1261 422101 710641
1261 12613 18913
1261 757 1009
1267 283 179281
1267 1610353 408063451
1267 853 98251
1267 7681 748603
1267 2833 24091
1271 131 55501
1271 199 15809
1271 421 7331
1271 541 5171
1271 60961 214631
1271 101 331
1271 401 631
1271 97283 120397
1273 19081 12145057
1273 73 11617
1273 73 2113
1273 8053 148573
1273 2729 38177
1273 139 463
1277 204161 86904533
1277 3191 1358303
1277 233509 74547749
1277 8933 2851861
1277 5743 385991
1277 60611 1460383
1277 357281 3709333
1277 8933 38281
1277 54869 122497
1277 5743 7019
1279 410239 104939137
1279 1667791 82042489
1279 576379 9962011
1279 5113 21727
1279 140297 257447
1279 389791 429409
1283 35897 9211171
1283 165379 30311609
1283 119227 8050961
1283 3847 224351
1283 423061 14669927
1283 3847 32051
1283 3847 12821
1283 42307 74357
1289 24473 10515233
1289 10949 4704421
1289 5153 2214073
1291 6451 2082061
1291 417961 107917531
1291 2111731 7879321
1291 5591 9461
1295 210923 30349477
1297 3889 2522017
1297 336961 145679473
1297 3889 360289
1297 2593 224209
1297 155521 8770033
1297 6481 365473
1297 33049 1478089
1297 19441 196993
1297 6481 60913
1297 60913 493777
1297 2593 19441
1297 60913 311041
1297 158113 498961
1297 2593 6481
1297 40177 72577
1297 2593 3889
1301 19501 6342701
1301 243101 39534301
1301 17291 775711
1301 253501 5153201
1301 450451 6894551
1301 215801 1454701
1301 39521 234781
1301 55901 218401
1301 1951 7151
1301 1116701 3484001
1301 19501 44201
1301 3121 5981
1301 1951 3251
1301 399101 612301
1303 19531 12724447
1303 11719 7634929
1303 1709527 222751369
1303 16927 2205589
1303 26041 1995967
1303 115879 4718449
1303 29947 722611
1303 443983 9483769
1303 16927 157543
1303 3907 29947
1303 640151 4849517
1303 5209 16927
1303 662719 695269
1307 23509 4389467
1307 248141 14100883
1307 16979 693487
1307 101869 1372607
1307 726137 2628979
1307 322583 999091
1307 211573 346091
1309 277 181297
1309 53629 23400121
1309 8089 271501
1309 9601 43189
1319 67219 12665981
1319 21089 264919
1319 11863 139709
1319 11863 21089
1319 9227 11863
1321 9241 6103681
1321 158881 69960601
1321 23321 7701761
1321 5281 996601
1321 351121 51536761
1321 1760881 178932601
1321 21121 1213081
1321 5281 199321
1321 2377 82633
1321 165961 3536041
1321 130681 2655841
1321 169681 2410201
1321 90641 989561
1321 3631 16831
1321 110221 213181
1321 5281 9241
1321 3433 3697
1327 67933 18029419
1327 15913 4223311
1327 885769 130601719
1327 295699 35672053
1327 161773 14311519
1327 68749 4344283
1327 69463 2633641
1327 15913 324871
1327 72421 1033363
1327 315589 4146403
1327 17551 93913
1327 20333 64091
1327 148513 192271
1327 538799 643553
1333 6661 4439557
1333 127 15391
1333 61 3697
1333 397 12601
1333 271 7687
1333 421 8377
1333 2897 33581
1333 1958041 19051597
1333 61 337
1333 21757 102121
1333 30637 93241
1333 127 271
1333 73 109
1333 883 1279
1333 1777 2221
1335 450893 35408363
1335 4007 8009
1337 1217 52489
1339 8317 236947
1343 1804991 1212051457
1343 1869407 50212273
1347 2110529 12863723
1349 1361 166909
1351 311 32321
1351 8311 330241
1351 40177 396199
1353 131 10427
1357 2437 51673
1361 29921 13574161
1361 7481 3393881
1361 2801 953041
1361 5441 673201
1361 40801 2922641
1361 12241 238001
1361 25841 40801
1363 211 143797
1367 4099 800477
1367 173483 7905043
1367 267737 1820879
1373 46649 3049957
1373 2186969 13586917
1373 17837 46649
1373 17837 28813
1381 20149 4637629
1381 79811 15745571
1381 95911 14717011
1381 641701 63299221
1381 17021 940241
1381 91081 619621
1381 62791 337411
1381 6211 21391
1381 21391 48991
1385 2797 297989
1385 313 22817
1387 991 458173
1387 175267 60773833
1387 321553 89198803
1387 53593 14866699
1387 91873 25485571
1387 15313 4247827
1387 8353 2317123
1387 7393 2050819
1387 463 128437
1387 991 105733
1387 22051 2352673
1387 631 38053
1387 883 45361
1387 59473 2844451
1387 1009 48259
1387 199 6733
1387 8713 185923
1387 1693 20071
1387 379 3529
1387 89 683
1387 127 757
1387 3907 21169
1387 5783 30269
1387 397 1783
1387 2971 8713
1387 151 373
1387 48313 118603
1387 199 397
1387 7393 10627
1387 1750519 2131669
1387 361747 410257
1393 4177 2909281
1393 15313 5332753
1393 4177 1163713
1393 4339 114043
1393 4177 15313
1393 25057 82129
1397 401 186733
1399 8389 510271
1399 133277 6014663
1399 254437 6244867
1399 6991 92269
1399 22369 258631
1399 40543 411013
1399 22369 169159
1399 2797 12583
1399 370471 525649
1399 6991 8389
1403 67 101
1409 6689 269281
1409 43649 1281281
1409 684289 19676801
1409 14081 325249
1409 14081 85889
1409 14081 29569
1409 86209 94529
1411 462481 2849611
1415 659 1429
1417 60889 43139857
1417 1033 731881
1417 55933 15851413
1417 6373 1806109
1417 2833 802873
1417 2833 573481
1417 2833 446041
1417 2833 191161
1417 2833 89209
1417 241 3673
1417 4253 8501
1417 637201 703753
1423 9007 6408481
1423 2371 1686967
1423 32707 15514021
1423 2030617 577913599
1423 34129 1184527
1423 14221 189127
1423 32233 219463
1427 680203 242662421
1427 57041 1535803
1427 1088039 15683149
1427 39929 81283
1427 3952873 4193867
1429 205633 26713597
1429 19993 2197693
1429 19993 1058149
1429 14281 658309
1429 10711 69259
1429 812057 4189277
1429 2557549 10095961
1429 14281 44269
1429 173209 391021
1429 6427 13567
1429 19993 38557
1429 3571 4999
1429 30941 32369
1433 4297 615761
1433 40813 1193573
1433 4297 35801
1433 18617 98809
1433 4297 14321
1433 18617 42961
1433 20407 30431
1439 8629 225767
1439 150991 1597619
1441 1039681 499393441
1441 5431 1118011
1441 319681 4076641
1441 6691 28111
1447 4339 3139267
1447 267511 11729953
1447 28921 1268143
1447 60733 319567
1447 15907 60733
1447 2411 5303
1447 394759 775057
1451 6091 465161
1451 2349001 20168051
1451 97441 617411
1451 66701 82651
1453 151009 73138693
1453 2124277 308657449
1453 532159 59479003
1453 101641 8687317
1453 542323 19219399
1453 50821 1420057
1453 18217 407221
1453 11617 225061
1453 4357 11617
1457 313 521
1459 3889 1134811
1463 227 55351
1463 103 9419
1463 3911 178807
1463 6451 255077
1463 431 13417
1463 35089 703223
1463 6257 47431
1463 5527 6221
1465 40993 3160777
1469 881 18229
1469 3137 46549
1469 2741 3169
1471 1083391 531222721
1471 433357 212489383
1471 8527 1567903
1471 29401 4805431
1471 1105441 49275871
1471 32831 689921
1471 122011 949621
1471 83497 527143
1471 2647 8233
1471 5881 7351
1471 157291 163171
1473 1601 3137
1479 317 4643
1481 732601 271245521
1481 81401 30138721
1481 4441 32561
1481 2869721 9279601
1481 2221 3701
1483 2200771 1631871697
1483 13339 9890869
1483 1101127 544323781
1483 56963 5279759
1483 4447 131899
1483 4447 74101
1483 29147 61751
1483 4447 7411
1483 39521 58787
1483 612067 644671
1487 427969 2640623
1489 149297 13893953
1489 16369 1354081
1489 5953 385393
1489 2357 113213
1489 63241 2296729
1489 166657 3141169
1489 16369 290161
1489 245521 2270689
1489 14633 133673
1489 331081 1694089
1489 16369 77377
1489 16369 44641
1489 5209 11161
1489 1651681 3364369
1489 500713 619753
1493 2230541 1665098857
1493 28349 5290633
1493 64157 7982201
1495 746503 279005497
1495 5689 11863
1499 118343 88698079
1499 28463 21333019
1499 563249 168862051
1499 10487 2620003
1499 175267 11942057
1499 67411 3259649
1499 118343 2190077
1499 428429 471871
1501 250501 188001001
1501 6301 859801
1501 18289 1193557
1501 661 2341
1501 1051 1951
1507 9721 129643
1507 4523 9041
1507 1950271 2713813
1511 255191 38559361
1511 2337481 95457671
1511 335221 11779511
1511 13591 15101
1513 40933 20643877
1513 109297 33073273
1513 3697 1118713
1513 2377 719281
1513 30241 6536377
1513 36697 3470161
1513 673 53593
1513 86297 4663121
1513 397 8461
1513 7561 117937
1513 127 631
1513 9241 33937
1513 2377 6481
1517 106121 6999373
1517 101 1153
1517 53 601
1517 137 829
1523 206993 214603
1531 10711 8199271
1531 2143 1640467
1531 1173511 598881781
1531 3061 1562131
1531 44371 11322001
1531 53551 9109621
1531 131071 18242701
1531 3673 330787
1531 23971 1834981
1531 10711 712981
1531 6121 191251
1531 56611 893521
1531 12853 183907
1531 10711 70381
1531 3061 4591
1531 2551 3571
1531 53551 59671
1537 118273 60595201
1537 7393 3787681
1537 13441 6886273
1537 337 172657
1537 1324033 10882561
1537 73 409
1537 7681 10753
1541 158621 61108741
1541 15461 4765081
1541 36653 9413713
1541 20021 5142061
1541 617 135829
1541 397 38237
1541 8009 649573
1541 24179 1284823
1541 4621 209441
1541 10781 267961
1541 166013 3366133
1541 4621 52361
1541 617 6469
1541 20021 97021
1541 337261 800801
1541 2311 3851
1541 25261 39521
1541 9241 10781
1543 1196593 205149223
1543 161911 7807147
1543 40093 1438687
1543 2456407 75804721
1543 417883 7768597
1543 13879 86353
1543 503207 1870961
1547 1198151 617846533
1547 1553 480499
1547 548831 1456333
1549 17029 13188961
1549 134161 18892309
1549 60373 8501617
1549 17029 1099081
1553 2425777 376723169
1553 43457 4499249
1553 1412321 8214737
1559 4019 696181
1559 2789 24847
1559 30059 57571
1561 2347 1221223
1561 571 12211
1567 18793 5889727
1567 223939 58485403
1567 2469583 386983657
1567 2619919 38730313
1567 78301 230203
1571 32971 12949361
1571 39251 15415831
1571 1248151 103202381
1571 89491 383081
1571 20411 72221
1571 43961 146011
1571 485131 1287401
1571 98911 222941
1571 1899701 3515231
1571 25121 32971
1571 310861 406631
1571 692371 717491
1579 96259 21713281
1579 108883 21490783
1579 637513 27206299
1583 158201 2140447
1583 2733697 29844431
1583 332221 1017227
1583 4973 11527
1583 210407 275269
1585 2627857 56285857
1585 523 2143
1589 25409 538333
1591 211 67141
1591 6871 910981
1591 661 70111
1591 2571031 157327321
1591 6871 45361
1591 56701 301711
1591 11551 25561
1597 4789 3824017
1597 319201 169921333
1597 79801 42480733
1597 2129 485717
1597 170773 34090561
1597 21661 1921813
1597 234613 18733849
1597 658351 19837483
1597 11173 20749
1601 16001 2846401
1601 24001 2022401
1601 14401 419201
1601 14401 88001
1601 20161 53441
1601 3772801 7979201
1601 14401 16001
1603 1531 204517
1603 30097 699211
1607 11243 6022501
1607 11243 1806751
1607 40151 3584593
1607 438439 22728113
1607 16061 782123
1607 40151 693793
1607 6133 85703
1607 19273 232871
1607 19273 213599
1607 939511 10201313
1607 73877 197539
1607 3680953 8635463
1609 863497 694683337
1609 108139 34799131
1609 9649 3105049
1609 3217 178489
1609 11257 283009
1609 672949 16658077
1609 3217 59497
1609 3217 46633
1609 350947 4121707
1609 11257 102913
1609 54673 387529
1609 232357 291853
1609 126229 132661
1613 522289 120350309
1613 93497 13710061
1613 77377 6568901
1613 251473 3938117
1613 2771029 42166697
1613 8867 84631
1613 28211 65287
1615 2089 2887
1619 875339 354293461
1619 6473 616459
1619 35597 1859083
1619 25889 266971
1621 292141 236780281
1621 4861 3939841
1621 1315441 710776621
1621 187921 101539981
1621 155521 22918141
1621 529741 61336441
1621 56701 3829681
1621 4861 246241
1621 17011 467371
1621 9721 221941
1621 121501 1893781
1621 4861 61561
1621 9721 115021
1621 4469581 6366601
1627 3253 56911
1627 7589 113279
1627 3253 34147
1627 3253 24391
1627 3253 11383
1627 4222723 7082857
1631 167891 16107661
1631 257 12703
1631 94541 337411
1633 97 79201
1633 111521 26016257
1633 97 5281
1633 3697 28081
1637 4091 2232323
1637 56443 4863011
1637 4909 26177
1639 3109 24151
1643 21347 4384141
1643 3557 43291
1643 1187 14341
1643 67 641
1649 2785121 112016209
1649 353 8689
1649 251 4099
1649 9601 104849
1651 2727451 2251510801
1651 2851 2353501
1651 1051 216901
1651 601 110251
1651 7351 809101
1651 601 47251
1651 331 23761
1651 110881 6312571
1651 601 22051
1651 419 617
1651 3851 5501
1651 9241 10891
1657 43609 36130057
1657 11593 9604801
1657 4969 4116817
1657 18217 7546393
1657 162289 29879209
1657 4969 748513
1657 3313 322921
1657 3313 140761
1657 4969 187129
1657 2826793 93679921
1657 3313 107641
1657 3313 84457
1657 11593 192097
1657 144073 1404289
1657 3313 24841
1657 393301 2681893
1657 3313 21529
1657 865261 3311173
1657 3480913 12961513
1657 4969 18217
1657 500113 1813321
1657 3313 4969
1657 73417 107089
1657 211969 303049
1661 181 75161
1661 601 52541
1661 53951 3090091
1661 824191 4212251
1663 8311 6910597
1663 8311 1974457
1663 8311 511897
1663 8311 179497
1663 8311 104707
1663 339049 3259183
1663 8311 29917
1663 4987 8311
1663 2461423 3151153
1667 36653 12220111
1667 3571 457913
1667 4999 101627
1667 2381 25943
1667 36653 124951
1667 2143 4523
1669 11677 4872229
1669 190709 6919421
1669 5839 79231
1669 15013 123433
1669 406993 2400253
1669 7229 15569
1669 153457 165133
1687 10321 527623
1687 8431 20233
1687 601 1423
1691 1171 14561
1691 3719 14197
1693 8461 7162237
1693 5077 4297681
1693 411157 87011101
1693 8461 842617
1693 263953 19429237
1693 13537 532981
1693 13537 59221
1693 5077 13537
1693 5077 8461
1693 35533 49069
1697 10601 5996633
1697 961633 407972801
1697 62753 21298369
1697 93281 19787233
1697 2895073 491293889
1697 71233 4835297
1699 320923 272624089
1699 11887 10098007
1699 1444999 818351101
1699 263191 74526919
1699 969559 117662911
1699 61129 1597819
1707 443561 847883
1709 147743 12023467
1709 4271 347579
1709 6833 271573
1709 14519 127247
1709 738589 957701
1717 1453 118801
1717 181 13513
1717 2003 7151
1717 29761 66973
1717 5153 10301
1721 370661 212635861
1721 495361 121788041
1721 12041 2590321
1721 213281 24470441
1721 601313 38328137
1721 58481 2141401
1721 640529 7818089
1721 134161 1529081
1721 647753 6881377
1721 3340241 26011561
1721 156521 724121
1721 3720361 14485841
1721 82217 155833
1723 5167 4451371
1723 5167 1780549
1723 496511 122212637
1723 65437 4509919
1723 5167 189421
1723 510287 15985901
1723 1532581 46326967
1723 151537 2088787
1723 297907 2851633
1723 604997 2707559
1723 6397 25339
1723 191143 458053
1723 2297 4019
1723 2808583 3144373
1727 443 18661
1729 193 166849
1729 46819 16190011
1729 20809 7195753
1729 88129 30475009
1729 109 37693
1729 523 82207
1729 103681 16296769
1729 8641 1358209
1729 919 14851
1729 619 8563
1729 193 2113
1729 25867 239167
1729 5233 38833
1729 1745281 10369729
1729 19009 103681
1729 109 541
1729 8641 19009
1729 577 1153
1729 2161 3889
1729 8641 10369
1729 14419 16903
1733 5197 562901
1733 5197 360257
1733 5197 225161
1733 5197 17321
1733 48497 129901
1741 36541 31808941
1741 304153 75647197
1741 35381 2199941
1741 6961 346261
1741 6091 207931
1741 6961 60901
1741 19141 146161
1741 92221 588121
1741 19141 31321
1741 530701 572461
1745 5233 415073
1747 509833 178135651
1747 22699 1166329
1747 8731 317773
1747 8731 90793
1747 10477 19207
1753 341641 299448337
1753 3088777 541462609
1753 6571 677587
1753 150089 5719697
1753 36793 408217
1753 797161 2677057
1753 112129 264553
1759 221509 77926867
1759 135367 19842547
1759 132437 4754219
1759 3517 89659
1759 54499 1369483
1759 3438649 30703471
1759 54499 334021
1759 188107 868453
1759 3517 15823
1759 152947 209203
1763 1555847 914319421
1763 97 491
1765 3529 2076229
1765 433 2557
1765 5297 10589
1769 1289 1140121
1769 12377 10947457
1769 8009 7083961
1769 79 5591
1769 409 9521
1769 44201 965329
1769 71 1039
1769 241 1289
1769 79 131
1777 632257 374506897
1777 26641 5917633
1777 67489 13325329
1777 15319 1601287
1777 12211 233323
1781 701 312121
1783 4159 3707749
1783 318979 81248509
1783 106921 11214127
1783 37423 2901097
1783 37423 1516483
1783 5347 89101
1783 42967 450649
1783 19603 37423
1783 51679 55243
1787 12503 4468573
1787 1619903 107213581
1789 25033 14928013
1789 1068629 477944321
1789 44701 7270009
1789 37549 3951481
1789 67349 6341441
1789 8941 761689
1789 271181 15649769
1789 12517 722353
1789 8941 225289
1789 12517 221713
1789 8941 126949
1789 3593881 29092549
1789 8941 37549
1789 37549 46489
1789 8941 10729
1789 86719 102811
1793 20161 5164097
1793 257 57601
1793 12097 51521
1793 24977 102481
1795 5227 670177
1801 3245401 2922483601
1801 295201 177219001
1801 79201 47547001
1801 19801 11887201
1801 812701 292734901
1801 2251 450451
1801 70201 3951001
1801 1650601 90082801
1801 9001 205201
1801 43201 819001
1801 144451 2081251
1801 1161001 15604201
1801 893701 8700301
1801 15121 91081
1801 151201 711001
1801 2010601 8362801
1801 2161 6841
1801 2790001 3868201
1801 261451 279451
1807 3281503 592967593
1807 4903 521161
1807 1661521 90980863
1807 239 449
1811 12671 11473591
1811 38011 4302371
1811 7603 372137
1811 5431 39821
1811 5431 23531
1823 3330617 1214342959
1823 836299 117274853
1823 23687 575753
1831 1683601 342519271
1831 7321 536191
1831 380641 16998871
1831 466651 4088221
1831 7321 45751
1831 4759 17569
1831 2175871 7283401
1831 9151 25621
1831 184831 241561
1831 179951 233021
1831 7321 9151
1843 51577 19011283
1843 5527 291037
1843 193 379
1847 12923 1591253
1847 12923 27691
1851 3851 5801
1853 269 21673
1855 79 36637
1855 1237 48823
1855 619 1237
1861 1155061 1074784261
1861 128341 119421301
1861 16741 15577501
1861 30133 28038757
1861 55921 34689661
1861 2791 1038811
1861 695641 143843101
1861 29761 5035021
1861 27901 3708841
1861 5953 410317
1861 56701 3638641
1861 56821 3204361
1861 23251 1109491
1861 57241 2266501
1861 75641 1546901
1861 16741 93001
1861 66721 342061
1861 71341 256801
1861 380557 586273
1861 1518691 2011591
1861 26041 27901
1867 13063 12194311
1867 233251 54434953
1867 320953 23968771
1867 339613 4696723
1867 11197 31723
1867 890083 1128931
1867 3147943 3899941
1871 3502511 3276599041
1871 18701 3887731
1871 185131 34638011
1871 91631 4286041
1871 1258511 15909961
1871 18701 185131
1871 398311 562871
1871 16831 18701
1873 26209 16363153
1873 6553 4091257
1873 2081 556817
1873 146953 25022089
1873 28081 1643617
1873 29017 1109161
1873 35569 307009
1873 25849 172297
1873 2341 12637
1873 6553 29017
1873 125737 432121
1877 1769069 368949169
1877 8443 511211
1877 1268177 15764029
1877 4691 8443
1877 604073 680989
1879 392503 368756569
1879 16903 15880369
1879 9391 490159
1879 9391 217849
1879 922099 20383813
1879 753079 11230441
1879 65731 424429
1879 16903 26293
1883 7529 152443
1885 5653 1331989
1885 277 21757
1885 7669 451753
1885 113 2069
1885 12853 94273
1885 3697 12037
1889 13217 860929
1889 13217 438017
1889 568289 623041
1891 211 199501
1891 255961 96804451
1891 211 79801
1891 2161 817291
1891 24571 6637681
1891 71 19181
1891 211 39901
1891 1199521 174484171
1891 6121 890371
1891 1051 141961
1891 200341 22284991
1891 421 46831
1891 3821 380291
1891 211 21001
1891 172171 14798881
1891 211 10501
1891 262981 8724511
1891 31051 917461
1891 811 21601
1891 8821 200971
1891 761 16931
1891 7561 168211
1891 7561 160651
1891 211 4201
1891 12601 218611
1891 32401 411211
1891 2521 29611
1891 298621 3464371
1891 113131 1048681
1891 4201 38011
1891 421 3571
1891 192961 1442251
1891 379 2269
1891 46171 262981
1891 206821 960931
1891 15601 41611
1891 811 2161
1891 246781 548371
1891 271 541
1891 211 421
1891 619 1069
1891 2971 4861
1891 541 811
1891 241 331
1891 767761 822571
1895 4007 70309
1897 5701 3604933
1897 3793 312841
1897 255961 401953
1901 452201 286544701
1901 74101 14086601
1901 909151 132945851
1901 264101 11156801
1901 5701 235601
1901 5701 58901
1901 4001 8101
1901 2851 4751
1901 27551 44651
1901 1273001 1670101
1901 3301 3701
1903 577 64591
1903 291007 551581
1907 291619 344987
1913 7649 4877513
1913 1846993 185963033
1913 5737 391961
1913 54493 412037
1913 5737 19121
1913 550657 839369
1913 5737 7649
1919 1949 128971
1921 26881 4694401
1921 84481 10819201
1921 4481 344321
1921 15361 627841
1921 30661 478861
1921 4177 48049
1921 1153 10753
1921 2689 14593
1921 1153 2689
1931 187211 40167161
1931 12739 1537439
1931 3829121 139510051
1931 71411 1325911
1931 40531 528821
1931 40531 285641
1931 36671 57901
1933 83077 80293921
1933 85009 54774133
1933 62791 7139707
1933 107227 3188767
1933 113989 1669249
1933 479137 1164997
1937 353 136753
1939 2347 116689
1939 27541 241639
1943 427241 22435927
1945 7993 293329
1949 7793 5062853
1949 767513 71232517
1951 17551 17121001
1951 33151 16169401
1951 273001 59180551
1951 15601 922351
1951 3870751 222112801
1951 3251 186551
1951 1957801 67011751
1951 19501 349051
1951 15601 235951
1951 11701 44851
1955 3876737 261345547
1955 7817 64483
1957 1429 42373
1961 551321 135142561
1961 5273 646273
1961 71 8191
1961 2003 95803
1961 2411 10531
1961 9721 11321
1969 1300193 196929233
1973 195229 55026689
1973 55217 857821
1973 82129 1073117
1973 248473 2900813
1973 88741 203117
1973 4931 10847
1973 29581 55217
1979 49451 4660169
1979 1198669 5330711
1979 132527 290767
1979 753619 1028561
1981 39821 7888541
1981 3948121 601632901
1981 2377 204733
1981 5171 13751
1985 7489 3716417
1987 303859 301883917
1987 1976071 1308817693
1987 566011 140582983
1987 796387 87912277
1987 9931 857953
1987 571969 39189739
1987 29129 1564307
1987 806317 37259347
1987 9931 182713
1987 601759 8923099
1987 9931 142993
1987 421033 2424907
1987 9931 53623
1987 9931 23833
1987 7283 13241
1991 993011 395416981
1991 271 77081
1991 115421 5892391
1991 4067561 152802151
1991 17911 509441
1991 115421 698491
1991 797 3583
1991 17911 79601
1991 271 941
1991 3661601 4316311
1993 1324681 1320044617
1993 110557 44068021
1993 15937 2117497
1993 364537 36326113
1993 268921 16748737
1993 2657 96281
1993 18427 122011
1993 2376457 12051601
1993 4816657 22587289
1993 15937 29881
1993 324697 368521
1997 43913 17538853
1997 55889 5874229
1997 83833 2744501
1997 163673 2421149
1997 38923 184631
1999 173827 173740087
1999 57943 57914029
1999 44623 8109217
1999 1356643 71366563
1999 23977 321679
1999 15319 146521
1999 51949 329671
1999 91909 529471
1999 25087 134089
1999 51949 69931
