11
51
69
123
141
197
215
249
255
295
303
321
329
339
345
395
411
413
435
447
501
519
535
537
583
591
649
681
699
705
707
717
767
771
779
789
803
807
815
835
879
885
895
913
917
933
951
959
965
995
1041
1043
1077
1115
1133
1149
1167
1169
1173
1177
1195
1203
1223
1245
1257
1285
1293
1313
1315
1329
1345
1383
1391
1401
1437
1509
1527
1529
1535
1551
1563
1565
1577
1605
1645
1671
1679
1685
1689
1695
1735
1739
1749
1757
1761
1779
1797
1799
1817
1819
1829
1835
1837
1841
1865
1909
1915
1923
1927
1941
1947
1959
1963
1977
2001
2031
2033
2049
2051
2055
2065
2095
2119
2157
2165
2177
2183
2215
2219
2229
2235
2283
2291
2319
2327
2335
2391
2395
2407
2427
2429
2435
2461
2463
2495
2505
2513
2515
2517
2519
2533
2569
2571
2573
2589
2595
2599
2611
2615
2643
2661
2685
2703
2723
2733
2735
2739
2771
2785
2787
2807
2815
2823
2827
2839
2841
2845
2859
2885
2893
2899
2931
2933
2935
2949
2951
2955
2987
3013
3017
3039
3043
3047
3057
3065
3071
3073
3093
3095
3113
3147
3149
3183
3215
3223
3263
3265
3269
3273
3291
3309
3317
3327
3353
3365
3385
3401
3405
3415
3419
3427
3443
3453
3493
3495
3521
3531
3543
3545
3561
3563
3569
3579
3595
3599
3635
3647
3669
3687
3695
3713
3715
3729
3745
3749
3777
3791
3799
3815
3817
3831
3839
3841
3845
3849
3855
3859
3867
3899
3901
3903
3921
3941
3945
3949
3953
3957
3959
3983
3985
4007
4035
4039
4043
4045
4071
4083
4089
4101
4109
4115
4117
4119
4151
4169
4183
4189
4193
4195
4207
4213
4223
4227
4233
4237
4265
4267
4281
4285
4299
4307
4313
4315
4317
4323
4333
4353
4379
4393
4395
4415
4427
4435
4439
4443
4461
4465
4469
4471
4479
4487
4497
4501
4511
4529
4533
4535
4541
4559
4569
4571
4573
4589
4595
4619
4645
4659
4667
4677
4709
4713
4727
4735
4739
4749
4755
4769
4781
4803
4821
4835
4839
4843
4857
4883
4885
4897
4899
4911
4915
4917
4927
4979
4985
5001
5015
5017
5029
5033
5053
5057
5063
5065
5091
5095
5123
5127
5129
5137
5163
5165
5177
5191
5195
5199
5205
5207
5221
5257
5267
5269
5295
5315
5327
5345
5357
5361
5383
5385
5389
5411
5433
5435
5457
5459
5469
5485
5489
5497
5509
5515
5533
5541
5545
5549
5561
5567
5579
5585
5599
5609
5631
5633
5663
5667
5703
5707
5709
5721
5723
5727
5739
5745
5753
5761
5763
5765
5771
5773
5777
5793
5815
5835
5847
5865
5873
5893
5899
5907
5909
5933
5935
5937
5959
5965
5971
5991
5999
6009
6023
6041
6049
6055
6059
6065
6071
6081
6085
6103
6109
6115
6117
6127
6139
6141
6145
6167
6179
6185
6187
6189
6193
6207
6209
6227
6239
6243
6251
6261
6265
6285
6295
6297
6303
6313
6333
6341
6347
6349
6383
6385
6387
6395
6407
6415
6423
6445
6457
6459
6467
6485
6503
6509
6511
6515
6523
6527
6535
6539
6557
6583
6587
6593
6595
6613
6621
6623
6629
6639
6667
6677
6707
6711
6729
6731
6735
6739
6743
6767
6785
6797
6799
6801
6819
6821
6835
6839
6865
6881
6891
6927
6995
6999
7003
7005
7009
7017
7037
7045
7051
7053
7055
7061
7067
7071
7073
7091
7097
7115
7117
7123
7133
7135
7143
7145
7165
7169
7179
7181
7183
7185
7195
7197
7217
7221
7223
7233
7235
7241
7251
7257
7265
7269
7273
7277
7279
7291
7295
7313
7319
7323
7339
7341
7343
7367
7377
7383
7387
7395
7397
7403
7415
7427
7431
7435
7445
7463
7465
7473
7483
7491
7545
7553
7571
7593
7599
7615
7627
7629
7631
7635
7637
7647
7663
7679
7689
7715
7721
7737
7739
7743
7745
7763
7795
7797
7799
7823
7835
7847
7849
7859
7863
7885
7887
7895
7903
7909
7915
7939
7945
7967
7971
7973
7979
7981
7989
8003
8035
8045
8057
8061
8063
8065
8079
8083
8095
8097
8129
8131
8133
8135
8143
8153
8173
8185
8187
8189
8207
8213
8223
8239
8255
8257
8259
8267
8279
8309
8315
8319
8327
8331
8333
8335
8339
8345
8347
8351
8355
8359
8367
8383
8403
8407
8413
8417
8441
8445
8453
8455
8457
8481
8483
8485
8489
8495
8507
8511
8517
8519
8529
8535
8545
8549
8551
8561
8567
8579
8615
8617
8637
8639
8653
8657
8665
8679
8691
8709
8727
8735
8765
8781
8791
8795
8805
8809
8813
8817
8823
8843
8851
8871
8873
8879
8881
8885
8889
8899
8903
8907
8915
8927
8935
8939
8945
8947
8953
8981
8985
8987
8995
8997
9019
9033
9039
9047
9069
9071
9079
9095
9097
9101
9107
9115
9123
9129
9143
9149
9167
9179
9193
9205
9229
9233
9235
9249
9255
9259
9267
9287
9289
9299
9307
9309
9335
9347
9357
9365
9379
9381
9383
9385
9389
9395
9411
9427
9445
9453
9469
9481
9493
9499
9501
9509
9529
9535
9545
9557
9565
9569
9573
9593
9609
9617
9627
9659
9663
9665
9669
9695
9705
9707
9713
9715
9727
9737
9745
9753
9757
9771
9785
9793
9799
9823
9827
9853
9865
9869
9885
9893
9895
9897
9917
9935
9953
9961
9965
9969
9979
9983
9987
9989
10015
10031
10041
10047
10049
10063
10073
10077
10085
10097
10113
10123
10129
10135
10155
10157
10165
10171
10183
10189
10195
10207
10217
10221
10239
10245
10255
10263
10265
10277
10307
10315
10319
10327
10347
10379
10383
10393
10401
10409
10411
10415
10423
10435
10445
10451
10461
10473
10481
10483
10495
10517
10523
10541
10543
10547
10549
10565
10577
10581
10583
10599
10617
10637
10643
10645
10661
10669
10671
10679
10681
10685
10697
10699
10703
10715
10741
10743
10747
10757
10765
10779
10783
10785
10801
10807
10811
10813
10819
10823
10851
10855
10869
10871
10895
10907
10913
10931
10943
10947
10951
10967
10969
10977
10997
11013
11015
11017
11021
11031
11035
11039
11065
11095
11099
11101
11103
11107
11129
11141
11145
11153
11157
11185
11189
11195
11203
11209
11215
11219
11233
11245
11263
11267
11269
11283
11291
11301
11303
11309
11327
11333
11335
11337
11345
11347
11363
11371
11387
11389
11391
11395
11409
11413
11429
11435
11451
11459
11463
11465
11473
11499
11507
11531
11545
11567
11573
11577
11589
11591
11595
11611
11623
11641
11643
11665
11683
11693
11695
11703
11707
11729
11733
11735
11741
11747
11751
11759
11769
11785
11787
11791
11841
11847
11857
11873
11879
11883
11885
11893
11915
11937
11945
11955
11957
11965
11967
11983
11985
11993
11995
12001
12003
12019
12021
12023
12029
12035
12039
12047
12053
12057
12059
12067
12077
12079
12091
12115
12131
12133
12135
12137
12145
12147
12185
12199
12219
12229
12233
12235
12237
12271
12273
12283
12287
12295
12305
12311
12313
12317
12331
12335
12351
12359
12361
12365
12367
12371
12381
12385
12399
12405
12407
12417
12419
12423
12449
12461
12471
12499
12509
12515
12521
12523
12533
12549
12565
12567
12585
12599
12623
12631
12633
12639
12643
12651
12665
12677
12687
12695
12701
12715
12719
12723
12731
12733
12759
12761
12767
12777
12779
12785
12793
12797
12803
12811
12813
12817
12837
12839
12849
12855
12867
12877
12895
12905
12929
12945
12949
12963
12965
12977
12995
13011
13031
13045
13047
13055
13057
13061
13067
13069
13085
13087
13097
13107
13119
13123
13141
13153
13157
13169
13173
13191
13193
13197
13199
13205
13207
13223
13227
13233
13247
13253
13259
13261
13263
13285
13295
13303
13305
13307
13315
13319
13343
13349
13353
13371
13373
13379
13385
13387
13389
13391
13393
13403
13405
13413
13415
13435
13439
13443
13445
13459
13465
13479
13493
13495
13501
13507
13515
13517
13519
13535
13541
13543
13549
13551
13559
13565
13569
13593
13595
13607
13637
13639
13641
13643
13645
13661
13667
13733
13739
13745
13749
13765
13783
13793
13811
13819
13823
13835
13849
13853
13855
13865
13885
13891
13895
13899
13909
13911
13919
13927
13929
13935
13939
13943
13945
13947
13957
13961
13979
13985
14015
14017
14019
14037
14039
14059
14069
14073
14093
14095
14099
14109
14113
14117
14123
14129
14141
14151
14163
14165
14171
14185
14189
14199
14201
14205
14215
14219
14223
14227
14237
14241
14253
14257
14261
14263
14267
14269
14273
14279
14333
14339
14359
14361
14377
14379
14395
14397
14429
14435
14441
14451
14453
14477
14483
14485
14509
14513
14515
14529
14545
14569
14573
14581
14585
14587
14613
14615
14617
14619
14631
14635
14647
14655
14659
14667
14677
14681
14687
14691
14693
14695
14711
14719
14745
14755
14757
14761
14765
14777
14785
14789
14793
14809
14811
14815
14829
14845
14857
14863
14873
14881
14899
14901
14919
14921
14943
14953
14959
14987
14993
14995
14999
15009
15011
15019
15023
15027
15037
15045
15047
15063
15079
15087
15089
15095
15097
15103
15115
15117
15119
15127
15143
15153
15157
15163
15179
15185
15197
15209
15213
15215
15243
15245
15261
15281
15285
15293
15297
15347
15389
15395
15397
15411
15415
15419
15421
15431
15437
15441
15445
15449
15459
15469
15479
15487
15503
15509
15513
15515
15517
15545
15557
15563
15567
15573
15593
15595
15599
15611
15635
15637
15653
15659
15663
15673
15685
15689
15693
15697
15701
15703
15707
15711
15713
15735
15743
15745
15753
15755
15763
15769
15779
15781
15783
15807
15815
15819
15829
15833
15835
15837
15853
15861
15865
15869
15871
15891
15909
15911
15917
15927
15933
15935
15941
15943
15949
15977
15989
15995
15999
16009
16013
16015
16019
16043
16045
16051
16053
16077
16085
16113
16143
16145
16153
16161
16163
16167
16179
16181
16197
16199
16203
16243
16251
16259
16261
16265
16271
16283
16285
16289
16295
16307
16309
16313
16323
16327
16331
16343
16351
16357
16367
16379
16387
16397
16413
16431
16439
16449
16455
16457
16463
16469
16483
16489
16495
16499
16503
16507
16517
16521
16535
16545
16557
16565
16571
16583
16593
16595
16597
16599
16613
16615
16621
16627
16635
16645
16663
16679
16681
16697
16711
16715
16719
16723
16727
16735
16739
16753
16773
16781
16783
16793
16795
16797
16801
16817
16837
16851
16853
16859
16865
16867
16873
16877
16907
16915
16917
16919
16945
16949
16953
16971
16973
16991
16997
16999
17005
17007
17023
17039
17045
17065
17079
17083
17087
17089
17095
17129
17133
17135
17147
17149
17151
17155
17165
17179
17193
17201
17213
17219
17223
17227
17233
17245
17249
17267
17269
17273
17279
17285
17287
17309
17315
17319
17323
17335
17339
17345
17347
17349
17363
17369
17371
17399
17403
17411
17413
17421
17437
17439
17441
17445
17453
17465
17479
17495
17503
17513
17521
17527
17529
17531
17533
17547
17549
17567
17583
17585
17601
17603
17605
17617
17621
17635
17637
17639
17645
17651
17663
17665
17679
17687
17691
17693
17695
17697
17699
17709
17719
17723
17733
17735
17743
17771
17777
17779
17781
17785
17795
17801
17805
17809
17813
17815
17817
17819
17833
17845
17849
17867
17869
17873
17877
17879
17895
17897
17915
17943
17947
17951
17961
17965
17967
17993
17999
18003
18007
18011
18017
18033
18035
18053
18071
18079
18085
18087
18107
18113
18115
18141
18147
18159
18185
18187
18197
18203
18209
18215
18247
18255
18263
18267
18283
18285
18293
18295
18303
18305
18319
18323
18331
18339
18343
18345
18347
18349
18359
18365
18373
18381
18385
18391
18393
18395
18407
18419
18429
18435
18437
18449
18467
18471
18479
18509
18511
18519
18545
18547
18551
18561
18563
18569
18579
18581
18589
18591
18595
18599
18607
18609
18611
18623
18629
18641
18647
18649
18659
18663
18665
18673
18677
18689
18695
18703
18707
18709
18737
18739
18763
18771
18777
18779
18781
18789
18807
18809
18827
18835
18841
18845
18851
18853
18857
18861
18863
18871
18877
18881
18883
18885
18889
18893
18895
18897
18923
18929
18933
18937
18939
18949
18951
18953
18955
18965
18969
18977
18985
18987
18989
19007
19015
19021
19027
19033
19043
19049
19059
19063
19077
19099
19103
19115
19127
19129
19147
19153
19155
19165
19167
19187
19189
19193
19199
19205
19217
19223
19235
19245
19247
19253
19265
19283
19295
19297
19315
19317
19327
19331
19335
19339
19347
19349
19361
19367
19369
19385
19389
19409
19411
19419
19439
19445
19451
19473
19487
19495
19511
19519
19523
19529
19533
19535
19547
19563
19567
19579
19585
19595
19605
19615
19619
19631
19633
19637
19639
19643
19645
19653
19667
19673
19679
19689
19693
19705
19707
19711
19715
19733
19735
19741
19743
19767
19769
19771
19785
19787
19799
19805
19807
19823
19829
19831
19835
19837
19839
19847
19849
19859
19865
19879
19883
19895
19907
19921
19931
19945
19955
19959
19967
19977
20001
20003
20015
20035
20053
20059
20067
20081
20093
20095
20099
20103
20135
20153
20157
20171
20179
20189
20211
20217
20227
20243
20245
20257
20267
20279
20283
20285
20299
20303
20309
20321
20337
20355
20363
20365
20373
20381
20395
20401
20409
20413
20423
20437
20445
20453
20465
20473
20481
20495
20497
20499
20505
20527
20537
20541
20545
20561
20571
20573
20579
20585
20589
20597
20607
20617
20623
20633
20635
20651
20653
20657
20659
20665
20669
20687
20695
20697
20699
20711
20713
20729
20733
20741
20751
20755
20765
20777
20785
20795
20797
20803
20821
20831
20833
20841
20843
20851
20861
20877
20885
20891
20893
20913
20915
20917
20927
20931
20949
20965
20977
20987
20993
21003
21009
21029
21039
21043
21047
21053
21057
21071
21079
21083
21085
21095
21103
21129
21133
21135
21137
21145
21153
21161
21165
21181
21203
21209
21215
21237
21245
21257
21259
21263
21265
21281
21287
21293
21295
21301
21309
21327
21343
21351
21363
21367
21369
21381
21405
21415
21427
21431
21439
21443
21453
21457
21459
21479
21495
21497
21509
21513
21549
21551
21553
21561
21579
21585
21619
21623
21629
21633
21643
21653
21665
21671
21677
21685
21687
21695
21697
21703
21719
21741
21743
21745
21747
21759
21769
21779
21785
21791
21797
21811
21815
21823
21829
21833
21849
21857
21865
21873
21877
21883
21887
21899
21907
21919
21921
21949
21967
21981
21985
21989
21993
21995
22007
22015
22019
22043
22045
22047
22069
22087
22115
22117
22151
22161
22169
22187
22207
22211
22213
22217
22219
22235
22285
22289
22297
22299
22305
22309
22313
22315
22319
22327
22333
22339
22341
22353
22355
22359
22363
22371
22395
22403
22415
22417
22421
22423
22427
22429
22439
22443
22461
22463
22465
22471
22485
22493
22497
22499
22505
22519
22523
22529
22535
22551
22553
22555
22561
22565
22569
22577
22583
22585
22587
22595
22597
22603
22609
22615
22623
22641
22655
22667
22677
22693
22695
22703
22711
22729
22731
22733
22735
22745
22749
22757
22767
22771
22795
22799
22821
22835
22837
22843
22845
22855
22865
22867
22879
22881
22889
22897
22903
22913
22915
22927
22929
22947
22949
22957
22985
23005
23009
23015
23019
23047
23055
23069
23073
23083
23089
23107
23109
23113
23141
23147
23149
23181
23183
23185
23187
23191
23195
23213
23215
23231
23237
23239
23245
23249
23261
23267
23271
23285
23295
23303
23315
23317
23335
23351
23363
23365
23379
23381
23385
23387
23389
23395
23401
23403
23407
23411
23423
23435
23437
23441
23449
23451
23453
23461
23469
23477
23487
23489
23493
23503
23507
23511
23513
23515
23519
23523
23533
23551
23559
23597
23611
23615
23631
23641
23645
23649
23665
23683
23691
23695
23699
23703
23713
23717
23721
23727
23729
23737
23745
23757
23759
23771
23795
23803
23807
23811
23817
23839
23847
23849
23855
23861
23867
23891
23897
23905
23915
23933
23935
23939
23941
23943
23945
23963
23965
23989
23995
23999
24017
24027
24047
24053
24055
24065
24067
24085
24105
24117
24119
24127
24143
24161
24191
24199
24205
24207
24209
24215
24227
24231
24233
24241
24243
24259
24261
24269
24271
24277
24279
24283
24285
24287
24289
24313
24319
24323
24331
24333
24343
24347
24351
24357
24361
24369
24377
24383
24385
24393
24397
24429
24433
24437
24441
24445
24447
24449
24455
24463
24467
24479
24485
24503
24513
24515
24519
24523
24539
24555
24557
24559
24581
24587
24589
24595
24599
24607
24613
24619
24629
24635
24657
24665
24667
24685
24693
24707
24711
24715
24729
24731
24751
24757
24771
24773
24785
24791
24797
24803
24815
24819
24829
24833
24835
24853
24865
24869
24873
24883
24891
24895
24905
24911
24913
24935
24947
24959
24965
24985
24995
25001
25003
25005
25007
25015
25021
25027
25045
25061
25063
25067
25085
25089
25107
25113
25115
25145
25149
25151
25157
25161
25165
25177
25187
25195
25199
25217
25223
25231
25239
25241
25249
25267
25269
25279
25283
25285
25287
25319
25331
25337
25341
25361
25369
25379
25381
25387
25399
25427
25429
25433
25435
25445
25451
25455
25459
25481
25483
25489
25491
25495
25501
25503
25507
25509
25511
25517
25535
25539
25555
25559
25565
25567
25573
25595
25597
25611
25613
25629
25635
25645
25653
25655
25661
25687
25697
25699
25709
25719
25723
25727
25735
25739
25757
25777
25787
25791
25807
25811
25817
25827
25835
25837
25853
25877
25881
25891
25895
25901
25907
25937
25945
25955
25959
25963
25967
25973
25985
25989
25995
26007
26009
26023
26033
26043
26045
26051
26057
26079
26089
26097
26101
26105
26123
26131
26135
26137
26143
26165
26167
26179
26185
26207
26213
26219
26223
26231
26233
26241
26255
26259
26279
26301
26303
26311
26327
26329
26333
26349
26351
26363
26365
26367
26373
26383
26395
26421
26427
26429
26447
26453
26457
26461
26471
26477
26483
26485
26493
26503
26507
26511
26515
26519
26521
26527
26537
26545
26547
26549
26553
26563
26567
26571
26579
26583
26601
26603
26609
26615
26617
26621
26639
26643
26653
26659
26663
26697
26719
26743
26747
26749
26753
26771
26773
26779
26795
26799
26805
26819
26827
26831
26837
26841
26843
26853
26857
26869
26873
26887
26889
26911
26915
26917
26929
26931
26935
26945
26963
26965
26967
26969
26971
26995
26997
27029
27033
27035
27041
27049
27055
27057
27079
27085
27087
27089
27093
27095
27113
27119
27123
27131
27137
27139
27151
27163
27177
27185
27193
27199
27203
27215
27221
27227
27245
27247
27263
27285
27287
27291
27301
27313
27317
27341
27345
27359
27377
27383
27385
27395
27411
27415
27419
27433
27439
27443
27461
27463
27483
27485
27493
27497
27499
27503
27507
27515
27517
27519
27523
27535
27545
27553
27557
27563
27571
27579
27589
27595
27601
27609
27619
27623
27627
27629
27635
27659
27663
27669
27671
27679
27681
27683
27687
27703
27705
27707
27713
27717
27719
27727
27757
27769
27771
27777
27815
27821
27829
27833
27835
27843
27845
27863
27865
27871
27879
27887
27899
27907
27921
27923
27929
27933
27959
27965
27969
27989
28003
28013
28023
28039
28043
28049
28079
28091
28103
28113
28115
28127
28129
28131
28137
28139
28141
28147
28155
28157
28159
28169
28187
28189
28195
28199
28207
28213
28235
28239
28253
28257
28261
28265
28267
28271
28281
28285
28293
28295
28311
28313
28327
28335
28345
28361
28363
28367
28369
28383
28397
28399
28401
28407
28415
28419
28421
28437
28445
28451
28459
28461
28465
28473
28479
28487
28491
28507
28511
28529
28531
28553
28563
28569
28583
28585
28599
28605
28617
28635
28637
28639
28651
28653
28659
28685
28691
28695
28699
28709
28713
28715
28727
28733
28739
28745
28757
28761
28769
28777
28781
28783
28787
28799
28801
28805
28811
28819
28831
28847
28869
28877
28883
28889
28891
28895
28915
28931
28937
28943
28957
28967
28969
28973
28993
28997
28999
29011
29019
29031
29035
29039
29065
29067
29069
29071
29089
29099
29107
29111
29135
29143
29149
29157
29159
29177
29195
29215
29219
29227
29229
29235
29245
29247
29249
29271
29273
29285
29301
29317
29321
29335
29345
29353
29365
29369
29373
29377
29395
29397
29409
29413
29417
29447
29455
29467
29471
29477
29485
29489
29491
29495
29499
29507
29509
29515
29517
29519
29521
29543
29553
29557
29559
29563
29571
29579
29615
29623
29635
29639
29653
29661
29677
29685
29687
29689
29693
29695
29699
29719
29731
29733
29735
29739
29747
29749
29765
29769
29771
29787
29797
29801
29813
29823
29827
29831
29839
29845
29849
29861
29893
29899
29903
29909
29911
29923
29933
29935
29937
29955
29957
29969
29981
29995
29999
30005
30017
30021
30023
30035
30045
30053
30061
30063
30065
30067
30077
30079
30083
30111
30115
30131
30145
30149
30155
30157
30167
30179
30183
30185
30189
30191
30201
30205
30215
30221
30235
30237
30243
30245
30257
30263
30265
30273
30281
30283
30287
30309
30329
30335
30337
30355
30359
30365
30369
30373
30377
30385
30395
30397
30399
30405
30407
30409
30413
30417
30419
30421
30439
30443
30445
30453
30461
30487
30489
30507
30515
30523
30533
30541
30543
30547
30549
30551
30563
30565
30567
30571
30579
30583
30585
30587
30599
30611
30621
30633
30641
30647
30657
30665
30669
30679
30683
30691
30711
30715
30719
30731
30737
30739
30741
30743
30749
30759
30761
30767
30769
30777
30787
30793
30813
30815
30823
30827
30833
30863
30865
30867
30887
30895
30903
30913
30917
30929
30935
30939
30945
30947
30959
30961
30967
30979
30981
30985
30989
30991
30993
30995
31009
31011
31015
31029
31035
31043
31045
31053
31061
31067
31085
31099
31103
31111
31127
31129
31133
31135
31157
31163
31169
31173
31187
31195
31199
31207
31229
31233
31235
31243
31255
31273
31281
31283
31289
31299
31315
31323
31343
31345
31351
31363
31371
31381
31385
31389
31399
31403
31411
31421
31427
31429
31435
31439
31441
31449
31451
31453
31457
31461
31463
31467
31485
31495
31497
31499
31519
31523
31549
31553
31565
31577
31585
31587
31589
31591
31597
31611
31613
31615
31619
31631
31633
31637
31639
31669
31673
31677
31679
31683
31709
31711
31715
31733
31737
31739
31745
31757
31765
31767
31777
31789
31795
31803
31811
31813
31821
31829
31831
31835
31839
31843
31853
31865
31867
31877
31893
31895
31897
31909
31919
31931
31933
31937
31943
31945
31951
31967
31969
31985
31993
31999
32001
32007
32035
32043
32071
32073
32081
32087
32101
32107
32123
32127
32149
32155
32161
32167
32171
32177
32179
32195
32199
32201
32209
32217
32223
32239
32241
32243
32267
32273
32287
32295
32317
32329
32343
32345
32349
32351
32365
32387
32393
32397
32399
32419
32421
32435
32439
32459
32461
32471
32473
32483
32489
32515
32519
32521
32527
32539
32541
32555
32557
32559
32567
32577
32593
32597
32599
32619
32627
32639
32645
32649
32659
32667
32669
32677
32695
32699
32711
32729
32735
32741
32753
32765
32807
32811
32815
32819
32827
32845
32847
32853
32863
32867
32885
32897
32899
32903
32915
32919
32921
32927
32937
32959
32963
32965
32989
32995
33007
33009
33019
33035
33043
33051
33059
33061
33065
33081
33087
33095
33097
33099
33101
33103
33105
33109
33115
33127
33139
33145
33157
33163
33169
33171
33193
33195
33207
33209
33217
33221
33229
33233
33239
33253
33257
33261
33265
33277
33279
33283
33295
33303
33313
33319
33321
33323
33335
33351
33365
33373
33379
33383
33389
33395
33421
33431
33437
33443
33445
33473
33477
33481
33491
33499
33509
33513
33515
33527
33531
33539
33545
33551
33555
33557
33571
33593
33595
33607
33609
33627
33639
33643
33645
33659
33665
33677
33683
33695
33701
33729
33731
33737
33743
33763
33779
33783
33793
33803
33807
33819
33823
33833
33837
33841
33843
33869
33887
33895
33907
33913
33919
33949
33959
33963
33965
33977
33979
33983
33995
34005
34007
34009
34015
34017
34021
34023
34027
34043
34049
34051
34053
34067
34073
34079
34087
34091
34095
34097
34103
34105
34107
34109
34113
34115
34117
34121
34135
34139
34145
34165
34169
34179
34181
34187
34193
34197
34199
34201
34223
34229
34233
34247
34249
34269
34271
34285
34291
34309
34339
34341
34343
34345
34363
34373
34379
34387
34393
34397
34399
34405
34409
34413
34415
34423
34427
34433
34449
34451
34455
34459
34467
34477
34493
34495
34517
34527
34531
34535
34547
34553
34557
34559
34563
34567
34577
34585
34597
34617
34619
34621
34633
34635
34637
34647
34663
34691
34707
34709
34717
34733
34735
34737
34745
34753
34769
34777
34789
34791
34793
34795
34811
34823
34833
34835
34837
34853
34863
34865
34867
34869
34879
34885
34887
34889
34895
34899
34901
34909
34915
34927
34931
34943
34951
34957
34967
34971
34977
34979
34985
34987
34995
35009
35013
35015
35021
35029
35039
35043
35045
35047
35057
35063
35065
35071
35077
35085
35087
35093
35095
35097
35105
35121
35135
35137
35147
35151
35161
35177
35183
35195
35203
35207
35209
35213
35215
35219
35233
35237
35239
35243
35249
35263
35269
35273
35285
35297
35299
35303
35305
35331
35341
35345
35347
35349
35357
35367
35369
35383
35391
35395
35403
35411
35413
35417
35421
35431
35435
35439
35441
35455
35459
35467
35471
35473
35477
35479
35489
35493
35515
35519
35539
35545
35563
35567
35571
35579
35601
35609
35611
35615
35621
35627
35635
35639
35645
35663
35665
35683
35691
35693
35699
35701
35707
35709
35713
35723
35727
35737
35741
35749
35767
35773
35777
35781
35783
35789
35791
35795
35799
35807
35813
35817
35821
35833
35843
35845
35849
35857
35873
35885
35887
35891
35895
35903
35907
35909
35927
35935
35939
35941
35943
35947
35959
35961
35965
35971
35985
35995
36003
36005
36029
36031
36033
36035
36039
36041
36049
36053
36059
36065
36077
36089
36093
36095
36101
36105
36123
36133
36139
36143
36145
36149
36155
36167
36173
36185
36197
36201
36203
36205
36213
36221
36227
36233
36235
36237
36239
36253
36255
36257
36259
36265
36273
36283
36303
36317
36321
36323
36329
36331
36339
36345
36347
36357
36361
36365
36367
36371
36377
36379
36397
36399
36409
36415
36419
36429
36437
36439
36443
36445
36447
36453
36455
36483
36485
36487
36503
36509
36515
36521
36535
36539
36547
36557
36577
36581
36589
36591
36595
36597
36609
36611
36617
36619
36631
36647
36665
36669
36679
36681
36689
36705
36707
36717
36719
36727
36731
36745
36753
36757
36769
36773
36789
36797
36803
36807
36815
36817
36827
36835
36839
36843
36845
36849
36851
36863
36881
36883
36885
36893
36911
36915
36949
36959
36967
36969
36977
36987
36989
37001
37007
37027
37031
37041
37043
37047
37067
37069
37079
37081
37083
37085
37091
37099
37101
37103
37109
37121
37127
37129
37131
37133
37145
37151
37155
37157
37163
37165
37187
37203
37205
37207
37211
37229
37237
37239
37241
37247
37261
37285
37301
37311
37315
37319
37331
37343
37365
37385
37391
37399
37403
37415
37419
37421
37427
37435
37437
37445
37451
37453
37457
37459
37473
37481
37487
37491
37495
37499
37509
37513
37519
37523
37535
37543
37577
37581
37585
37595
37601
37603
37613
37615
37617
37645
37651
37661
37667
37673
37679
37685
37703
37707
37709
37711
37721
37727
37729
37735
37739
37745
37751
37753
37757
37769
37771
37793
37795
37801
37817
37823
37833
37837
37849
37865
37867
37885
37891
37893
37903
37909
37915
37919
37921
37923
37929
37931
37937
37939
37941
37943
37945
37959
37977
37979
37983
37995
38001
38003
38013
38015
38017
38021
38023
38027
38029
38035
38045
38051
38057
38059
38067
38071
38087
38089
38093
38101
38107
38117
38127
38129
38131
38135
38137
38139
38141
38143
38145
38147
38155
38159
38173
38195
38213
38215
38229
38235
38243
38245
38249
38251
38253
38267
38279
38293
38297
38315
38339
38341
38345
38347
38353
38359
38373
38379
38381
38383
38389
38395
38401
38423
38427
38433
38435
38441
38443
38463
38495
38513
38515
38519
38531
38537
38549
38573
38579
38585
38587
38605
38615
38623
38633
38635
38647
38679
38681
38683
38685
38687
38697
38715
38733
38741
38743
38751
38761
38765
38769
38771
38785
38789
38795
38797
38807
38811
38815
38823
38843
38847
38855
38859
38863
38869
38877
38879
38887
38899
38911
38927
38929
38939
38945
38949
38957
38965
38973
38985
38987
38991
38999
39003
39013
39017
39021
39029
39031
39055
39059
39063
39071
39077
39085
39111
39115
39127
39129
39135
39137
39143
39145
39147
39149
39167
39171
39187
39197
39211
39245
39247
39253
39265
39269
39271
39287
39289
39299
39307
39309
39311
39327
39329
39335
39361
39363
39369
39381
39385
39395
39415
39423
39427
39433
39449
39453
39455
39467
39473
39487
39489
39495
39497
39523
39529
39533
39535
39539
39547
39557
39559
39561
39577
39583
39587
39595
39613
39617
39629
39635
39637
39643
39647
39651
39653
39665
39677
39683
39685
39687
39693
39695
39707
39713
39723
39731
39737
39743
39745
39757
39763
39773
39777
39781
39783
39787
39797
39803
39815
39823
39833
39851
39853
39855
39859
39871
39881
39905
39909
39911
39917
39939
39943
39945
39949
39959
39965
39973
39977
39993
40007
40011
40019
40027
40049
40057
40061
40067
40073
40081
40085
40091
40101
40107
40109
40133
40141
40147
40157
40159
40165
40179
40181
40191
40195
40199
40211
40219
40235
40249
40255
40259
40263
40265
40279
40295
40297
40303
40305
40307
40309
40319
40339
40345
40353
40355
40359
40363
40367
40371
40373
40379
40381
40389
40395
40407
40421
40435
40439
40445
40453
40457
40461
40465
40485
40497
40503
40511
40517
40537
40547
40553
40557
40561
40567
40569
40571
40585
40607
40613
40615
40619
40629
40633
40643
40647
40649
40655
40659
40661
40669
40691
40715
40727
40731
40735
40747
40757
40769
40783
40789
40799
40811
40835
40839
40843
40857
40863
40871
40889
40895
40901
40907
40913
40917
40935
40943
40947
40957
40967
40981
40987
40991
40997
40999
41027
41033
41037
41063
41071
41073
41083
41087
41089
41091
41095
41099
41101
41127
41129
41153
41163
41165
41171
41185
41191
41215
41219
41249
41253
41259
41267
41271
41285
41289
41291
41295
41303
41309
41315
41321
41343
41345
41347
41353
41363
41365
41377
41383
41395
41397
41429
41435
41437
41459
41465
41471
41483
41485
41487
41489
41501
41523
41527
41531
41537
41545
41547
41557
41569
41573
41577
41585
41595
41599
41623
41631
41639
41645
41649
41655
41663
41673
41677
41689
41703
41707
41717
41721
41723
41731
41739
41747
41749
41753
41765
41767
41779
41793
41795
41803
41807
41815
41817
41833
41835
41837
41845
41857
41867
41869
41871
41873
41885
41891
41901
41909
41917
41929
41933
41935
41939
41945
41963
41977
41991
41995
42011
42027
42031
42047
42051
42053
42055
42065
42077
42099
42109
42115
42149
42153
42161
42163
42167
42171
42177
42199
42203
42205
42215
42233
42235
42241
42243
42247
42259
42261
42269
42285
42289
42303
42311
42317
42319
42329
42339
42341
42343
42353
42367
42371
42377
42383
42389
42401
42415
42421
42455
42459
42477
42479
42481
42493
42497
42503
42523
42529
42531
42537
42539
42541
42551
42553
42555
42563
42565
42585
42587
42593
42595
42599
42621
42623
42629
42631
42635
42645
42647
42655
42681
42685
42691
42695
42707
42715
42721
42729
42733
42747
42755
42763
42771
42779
42781
42789
42791
42803
42809
42815
42817
42835
42851
42865
42869
42871
42877
42887
42889
42893
42895
42907
42909
42917
42919
42933
42941
42947
42949
42963
42971
42981
42983
42985
42991
42995
43001
43007
43009
43015
43045
43057
43073
43077
43097
43099
43107
43109
43115
43123
43131
43135
43139
43141
43145
43147
43157
43161
43163
43171
43185
43187
43199
43211
43217
43219
43231
43233
43235
43247
43249
43259
43265
43269
43279
43295
43297
43303
43315
43333
43341
43345
43349
43351
43357
43373
43379
43385
43393
43409
43419
43423
43429
43445
43447
43455
43459
43465
43467
43469
43477
43489
43495
43511
43523
43527
43529
43535
43545
43547
43557
43559
43565
43567
43585
43589
43595
43611
43619
43629
43631
43635
43637
43643
43647
43657
43663
43667
43679
43683
43685
43697
43699
43703
43707
43715
43723
43727
43729
43733
43735
43741
43751
43761
43763
43765
43773
43799
43811
43813
43817
43819
43823
43829
43841
43843
43847
43851
43859
43861
43863
43871
43879
43881
43883
43895
43899
43905
43915
43917
43919
43921
43931
43937
43939
43949
43955
43971
43999
44003
44007
44013
44015
44033
44035
44057
44063
44069
44077
44083
44085
44093
44095
44097
44113
44115
44117
44137
44147
44151
44153
44157
44167
44169
44177
44191
44195
44209
44213
44215
44219
44223
44229
44231
44241
44245
44255
44259
44261
44277
44283
44313
44315
44327
44333
44335
44339
44347
44349
44355
44359
44365
44369
44387
44393
44395
44399
44405
44411
44423
44427
44429
44435
44439
44441
44445
44461
44465
44467
44471
44477
44493
44503
44509
44527
44529
44535
44555
44557
44567
44569
44571
44589
44601
44609
44611
44615
44627
44637
44643
44645
44653
44663
44665
44669
44673
44677
44679
44691
44695
44697
44719
44723
44735
44743
44747
44761
44767
44779
44791
44803
44815
44817
44827
44833
44837
44845
44853
44857
44869
44871
44899
44903
44905
44907
44923
44929
44931
44941
44947
44951
44977
44979
44985
44993
44995
44999
45001
45017
45019
45029
45035
45043
45047
45049
45051
45057
45065
45071
45073
45089
45097
45107
45111
45113
45143
45145
45147
45159
45173
45187
45199
45203
45209
45211
45215
45217
45223
45229
45231
45237
45245
45249
45257
45271
45277
45295
45303
45309
45311
45321
45327
45335
45345
45355
45359
45367
45371
45379
45383
45391
45393
45395
45397
45407
45411
45421
45437
45447
45457
45463
45467
45469
45471
45473
45479
45483
45489
45499
45505
45509
45515
45519
45529
45545
45547
45559
45563
45577
45581
45607
45611
45635
45637
45645
45647
45653
45661
45665
45671
45681
45683
45685
45699
45701
45703
45709
45713
45719
45721
45727
45739
45743
45745
45769
45773
45781
45789
45791
45797
45803
45807
45829
45835
45839
45845
45851
45857
45861
45865
45877
45883
45895
45897
45899
45907
45911
45919
45923
45929
45931
45935
45937
45941
45965
45977
45983
45987
45995
45997
46003
46007
46015
46019
46031
46037
46039
46045
46077
46087
46111
46117
46123
46127
46131
46135
46149
46151
46165
46169
46191
46193
46195
46201
46203
46223
46231
46239
46241
46243
46245
46253
46259
46265
46267
46283
46285
46291
46295
46297
46319
46321
46329
46331
46333
46335
46339
46357
46361
46363
46367
46373
46379
46383
46385
46387
46391
46393
46397
46401
46409
46415
46419
46427
46445
46461
46465
46469
46491
46493
46519
46541
46545
46547
46551
46563
46565
46571
46577
46579
46581
46587
46595
46603
46607
46613
46615
46621
46627
46637
46651
46653
46661
46667
46673
46685
46707
46709
46713
46715
46721
46729
46733
46735
46739
46743
46745
46763
46765
46777
46783
46785
46787
46799
46801
46823
46837
46841
46843
46847
46859
46873
46883
46885
46887
46891
46895
46897
46905
46907
46913
46921
46923
46927
46939
46941
46951
46963
46969
46973
46979
46985
47003
47011
47013
47015
47021
47023
47029
47033
47035
47039
47049
47055
47063
47065
47077
47083
47091
47095
47099
47109
47113
47127
47131
47141
47153
47159
47165
47167
47171
47173
47179
47183
47185
47193
47195
47203
47209
47211
47213
47219
47227
47231
47239
47247
47255
47261
47265
47267
47281
47283
47289
47301
47315
47319
47327
47335
47347
47359
47365
47373
47377
47379
47391
47393
47395
47401
47405
47409
47423
47427
47429
47443
47447
47449
47453
47467
47471
47479
47483
47485
47487
47505
47539
47549
47557
47559
47567
47597
47603
47613
47615
47621
47627
47643
47651
47661
47665
47669
47689
47693
47695
47707
47723
47729
47731
47735
47747
47759
47761
47769
47785
47789
47801
47803
47813
47829
47839
47845
47847
47849
47855
47863
47867
47877
47883
47891
47893
47909
47913
47921
47929
47935
47953
47987
47991
47993
47999
48001
48003
48011
48019
48021
48031
48041
48043
48045
48047
48059
48065
48067
48071
48083
48085
48089
48095
48101
48103
48107
48113
48115
48135
48137
48143
48149
48151
48173
48181
48183
48199
48201
48215
48219
48227
48229
48233
48245
48273
48277
48289
48291
48293
48295
48297
48309
48329
48331
48349
48351
48355
48359
48365
48367
48369
48377
48379
48381
48385
48389
48395
48403
48417
48421
48427
48431
48439
48445
48451
48457
48459
48467
48469
48493
48499
48509
48529
48551
48553
48557
48561
48579
48595
48607
48617
48629
48631
48643
48651
48655
48659
48665
48667
48669
48683
48687
48689
48695
48697
48703
48707
48715
48721
48743
48745
48759
48791
48797
48803
48827
48833
48835
48839
48855
48863
48873
48881
48887
48893
48899
48901
48903
48913
48927
48931
48935
48937
48943
48949
48957
48965
48971
48979
48981
49001
49013
49015
49027
49047
49053
49067
49071
49073
49079
49083
49085
49087
49091
49093
49097
49111
49127
49133
49145
49155
49163
49165
49181
49183
49187
49189
49195
49205
49213
49219
49229
49237
49259
49263
49265
49269
49271
49273
49281
49283
49285
49289
49295
49299
49303
49315
49319
49323
49327
49337
49349
49351
49353
49373
49385
49397
49403
49415
49421
49423
49435
49439
49443
49447
49449
49453
49461
49467
49479
49483
49485
49493
49501
49503
49511
49513
49521
49535
49553
49571
49573
49577
49579
49587
49589
49611
49615
49621
49629
49641
49643
49659
49673
49679
49687
49703
49709
49721
49723
49737
49745
49753
49763
49773
49799
49805
49817
49821
49827
49829
49835
49845
49847
49857
49859
49863
49865
49867
49883
49893
49895
49901
49903
49907
49909
49915
49933
49935
49945
49947
49949
49955
49961
49963
49969
49979
49983
50009
50011
50017
50019
50027
50035
50039
50045
50057
50059
50063
50071
50073
50089
50107
50109
50113
50133
50155
50167
50173
50183
50185
50189
50191
50195
50205
50213
50219
50235
50237
50239
50243
50257
50259
50269
50279
50281
50289
50303
50309
50315
50327
50335
50339
50345
50351
50361
50365
50381
50385
50389
50395
50399
50405
50413
50429
50433
50437
50447
50449
50465
50469
50473
50483
50485
50487
50491
50495
50509
50511
50515
50533
50563
50567
50579
50597
50603
50613
50619
50621
50629
50633
50639
50641
50645
50649
50657
50659
50663
50665
50667
50669
50681
50687
50695
50701
50703
50717
50729
50735
50747
50749
50759
50761
50783
50791
50793
50795
50797
50801
50803
50811
50815
50819
50829
50835
50837
50843
50845
50855
50863
50885
50899
50903
50907
50915
50917
50921
50927
50937
50939
50945
50959
50965
50981
50983
50987
50999
51007
51013
51017
51029
51041
51049
51053
51063
51065
51069
51077
51079
51081
51083
51089
51099
51105
51113
51115
51139
51143
51149
51161
51167
51179
51187
51195
51215
51227
51233
51235
51247
51249
51251
51253
51259
51265
51267
51279
51295
51297
51299
51311
51317
51323
51331
51335
51351
51365
51369
51371
51373
51377
51379
51391
51397
51403
51405
51409
51433
51443
51445
51447
51451
51463
51467
51469
51477
51497
51509
51537
51549
51553
51557
51559
51565
51567
51571
51583
51587
51589
51591
51595
51601
51617
51619
51621
51629
51635
51663
51671
51677
51685
51693
51703
51707
51709
51715
51733
51735
51737
51739
51743
51763
51773
51779
51781
51785
51791
51805
51809
51811
51823
51841
51843
51847
51851
51857
51861
51873
51881
51895
51905
51917
51919
51923
51937
51953
51959
51963
51965
51969
51979
51981
51983
51995
51999
52005
52007
52013
52019
52031
52043
52045
52053
52055
52061
52063
52079
52091
52097
52099
52109
52115
52123
52129
52133
52135
52139
52145
52157
52159
52161
52165
52169
52179
52187
52199
52211
52213
52239
52241
52243
52247
52251
52255
52265
52271
52279
52285
52295
52307
52315
52331
52333
52337
52343
52349
52351
52355
52357
52367
52385
52397
52403
52405
52409
52411
52413
52419
52423
52427
52431
52435
52447
52449
52463
52467
52471
52487
52493
52495
52499
52519
52523
52557
52565
52573
52581
52589
52595
52599
52601
52603
52607
52613
52615
52619
52637
52643
52645
52657
52661
52663
52679
52693
52699
52703
52705
52719
52723
52729
52737
52739
52759
52763
52771
52777
52787
52791
52795
52799
52805
52823
52827
52831
52835
52841
52843
52847
52853
52881
52905
52907
52913
52915
52931
52939
52943
52945
52971
52979
52985
52987
52991
52993
52995
53007
53013
53023
53027
53035
53039
53043
53065
53081
53085
53099
53107
53111
53141
53159
53183
53187
53191
53195
53203
53207
53213
53229
53237
53241
53243
53249
53257
53273
53285
53287
53293
53297
53303
53305
53311
53315
53333
53335
53337
53339
53345
53347
53349
53355
53357
53367
53369
53387
53393
53399
53413
53417
53421
53423
53427
53435
53443
53463
53471
53473
53485
53495
53499
53501
53511
53513
53519
53521
53539
53543
53545
53561
53563
53579
53587
53607
53615
53627
53645
53647
53651
53663
53673
53683
53687
53689
53695
53701
53705
53709
53723
53727
53729
53749
53763
53765
53767
53779
53797
53803
53807
53815
53817
53821
53827
53837
53839
53871
53893
53895
53903
53921
53933
53943
53961
53963
53969
53995
53999
54003
54005
54007
54017
54019
54021
54023
54029
54041
54053
54071
54073
54077
54079
54089
54103
54107
54109
54111
54119
54123
54127
54137
54141
54143
54177
54179
54185
54191
54197
54199
54203
54205
54209
54211
54215
54221
54227
54231
54235
54237
54247
54253
54259
54263
54265
54267
54271
54295
54307
54313
54335
54337
54345
54355
54357
54359
54373
54383
54393
54407
54415
54427
54429
54445
54447
54451
54463
54479
54491
54515
54529
54533
54535
54545
54551
54553
54557
54565
54573
54593
54599
54605
54611
54619
54637
54643
54655
54659
54677
54683
54685
54689
54695
54697
54699
54701
54707
54719
54731
54743
54745
54749
54753
54755
54761
54763
54771
54785
54791
54803
54807
54809
54815
54827
54841
54845
54847
54849
54857
54861
54863
54865
54883
54885
54889
54893
54895
54899
54911
54923
54933
54935
54943
54947
54953
54965
54977
54987
54993
55007
55011
55015
55019
55023
55031
55033
55037
55047
55059
55067
55085
55087
55091
55093
55099
55111
55113
55121
55123
55135
55139
55153
55155
55157
55159
55169
55173
55187
55193
55203
55235
55239
55241
55247
55253
55265
55271
55277
55283
55285
55289
55295
55303
55307
55319
55327
55329
55345
55349
55361
55363
55367
55379
55383
55397
55403
55409
55415
55417
55433
55435
55445
55453
55459
55463
55465
55477
55481
55489
55493
55505
55507
55509
55519
55531
55533
55535
55549
55559
55561
55563
55565
55577
55585
55591
55595
55597
55607
55617
55637
55641
55643
55649
55657
55669
55679
55703
55705
55729
55741
55745
55747
55753
55757
55761
55765
55767
55769
55779
55785
55789
55795
55841
55847
55851
55859
55865
55867
55879
55883
55885
55907
55945
55947
55957
55961
55963
55973
55985
55999
56005
56011
56013
56015
56019
56027
56047
56051
56059
56065
56069
56089
56095
56103
56107
56119
56127
56139
56143
56157
56165
56177
56183
56189
56191
56193
56195
56201
56213
56215
56219
56227
56229
56243
56245
56247
56253
56261
56273
56281
56285
56289
56293
56297
56309
56315
56319
56327
56335
56339
56351
56353
56363
56365
56371
56387
56391
56395
56397
56405
56407
56409
56411
56413
56423
56429
56435
56447
56461
56471
56483
56491
56495
56505
56513
56517
56521
56523
56537
56545
56549
56557
56559
56561
56567
56585
56587
56607
56613
56617
56623
56627
56639
56645
56649
56657
56665
56669
56683
56685
56689
56697
56703
56717
56719
56733
56741
56743
56751
56753
56765
56777
56789
56793
56819
56831
56837
56839
56841
56845
56849
56861
56863
56877
56879
56887
56899
56905
56915
56927
56939
56945
56947
56955
56959
56969
56971
56977
56981
56995
57001
57003
57011
57029
57031
57039
57045
57063
57067
57071
57079
57081
57083
57091
57093
57101
57103
57111
57115
57127
57167
57169
57185
57189
57197
57199
57209
57215
57219
57227
57235
57237
57253
57295
57297
57299
57307
57335
57341
57353
57359
57361
57363
57371
57377
57385
57391
57395
57403
57407
57415
57417
57419
57433
57437
57439
57441
57445
57459
57461
57469
57471
57479
57485
57489
57495
57497
57509
57515
57517
57539
57541
57543
57545
57547
57563
57569
57595
57611
57613
57615
57617
57623
57633
57635
57647
57655
57659
57677
57683
57701
57721
57745
57749
57763
57767
57777
57797
57821
57823
57833
57845
57857
57863
57867
57871
57873
57883
57887
57891
57895
57903
57911
57913
57919
57931
57935
57941
57945
57949
57957
57979
57983
57989
57995
57997
58003
58009
58017
58019
58021
58051
58055
58063
58069
58079
58085
58115
58117
58119
58123
58127
58137
58139
58141
58165
58173
58181
58183
58187
58205
58209
58235
58249
58259
58263
58267
58273
58279
58281
58283
58285
58299
58303
58307
58319
58327
58339
58343
58351
58371
58373
58385
58389
58397
58399
58407
58409
58415
58445
58459
58469
58483
58489
58495
58499
58507
58515
58517
58519
58523
58529
58535
58541
58547
58553
58557
58559
58571
58577
58583
58585
58589
58591
58595
58615
58623
58627
58633
58639
58647
58649
58651
58659
58663
58669
58677
58691
58697
58701
58703
58705
58713
58715
58721
58723
58731
58739
58747
58749
58755
58759
58781
58783
58793
58799
58805
58811
58813
58819
58823
58837
58845
58847
58855
58861
58871
58877
58885
58891
58895
58899
58903
58915
58917
58919
58933
58935
58939
58945
58955
58971
58983
58999
59035
59039
59047
59065
59079
59087
59089
59091
59099
59111
59117
59127
59129
59131
59133
59135
59147
59165
59173
59181
59191
59195
59201
59205
59213
59217
59227
59231
59237
59249
59253
59255
59257
59261
59267
59269
59279
59287
59289
59299
59303
59309
59313
59315
59317
59323
59327
59335
59347
59371
59379
59381
59389
59395
59413
59415
59421
59423
59429
59435
59449
59465
59477
59483
59485
59507
59511
59515
59519
59523
59531
59537
59545
59547
59549
59555
59559
59573
59579
59587
59593
59595
59599
59603
59609
59615
59635
59639
59647
59665
59667
59677
59681
59685
59691
59695
59713
59735
59739
59741
59757
59759
59761
59763
59765
59767
59773
59783
59789
59795
59801
59807
59811
59819
59821
59827
59835
59843
59847
59849
59853
59857
59867
59873
59883
59893
59903
59919
59933
59935
59937
59939
59941
59953
59959
59963
59965
59973
59987
59989
59991
60007
60011
60019
60023
60027
60035
60043
60047
60053
60063
60073
60079
60105
60113
60119
60121
60131
60143
60153
60155
60157
60159
60173
60181
60185
60187
60189
60193
60195
60199
60215
60227
60239
60241
60245
60247
60253
60263
60281
60283
60285
60299
60301
60307
60311
60313
60323
60329
60341
60349
60351
60359
60361
60365
60369
60371
60377
60387
60389
60393
60395
60403
60407
60419
60437
60439
60441
60455
60461
60463
60469
60473
60479
60485
60499
60503
60523
60529
60531
60533
60535
60537
60545
60547
60549
60553
60559
60565
60569
60571
60577
60587
60595
60599
60603
60609
60619
60629
60639
60641
60655
60657
60681
60683
60693
60709
60713
60715
60735
60739
60745
60747
60749
60751
60755
60769
60771
60783
60785
60789
60797
60803
60815
60823
60827
60829
60833
60839
60843
60845
60847
60851
60857
60871
60877
60883
60891
60893
60897
60911
60947
60949
60955
60959
60965
60967
60971
60981
60983
60985
60987
60999
61003
61015
61021
61033
61037
61039
61063
61067
61069
61071
61073
61079
61081
61085
61095
61097
61107
61109
61111
61115
61117
61123
61127
61135
61139
61147
61157
61177
61179
61181
61185
61187
61193
61195
61197
61199
61203
61213
61219
61229
61233
61237
61239
61247
61259
61265
61267
61271
61273
61277
61279
61289
61301
61303
61311
61313
61315
61319
61323
61327
61345
61349
61351
61361
61367
61369
61385
61399
61419
61429
61431
61433
61445
61449
61459
61477
61481
61517
61521
61531
61555
61565
61567
61571
61573
61577
61591
61597
61615
61619
61629
61639
61645
61647
61669
61679
61709
61715
61727
61733
61735
61739
61755
61763
61769
61783
61787
61793
61795
61805
61807
61817
61823
61835
61847
61851
61853
61855
61859
61865
61869
61873
61877
61881
61883
61885
61889
61891
61895
61905
61913
61917
61921
61931
61939
61941
61957
61973
61989
61993
61995
61997
62009
62021
62027
62029
62035
62043
62045
62065
62067
62069
62077
62079
62085
62087
62089
62093
62107
62111
62113
62117
62151
62153
62159
62165
62169
62173
62179
62183
62185
62195
62209
62211
62221
62227
62231
62237
62241
62243
62249
62259
62269
62277
62285
62291
62293
62309
62313
62333
62335
62337
62345
62353
62355
62359
62365
62367
62369
62373
62387
62389
62393
62395
62399
62405
62407
62409
62411
62421
62429
62431
62435
62437
62443
62447
62449
62461
62463
62471
62481
62485
62499
62503
62509
62513
62515
62519
62521
62537
62543
62545
62547
62553
62561
62569
62579
62585
62587
62593
62607
62609
62615
62619
62621
62623
62629
62635
62637
62657
62679
62681
62691
62695
62709
62719
62729
62733
62735
62737
62741
62747
62749
62759
62763
62765
62783
62797
62803
62807
62809
62813
62817
62831
62837
62839
62845
62855
62857
62859
62863
62879
62885
62887
62889
62891
62899
62911
62915
62917
62931
62941
62943
62945
62957
62959
62963
62977
62993
62995
63007
63023
63033
63051
63053
63061
63065
63069
63071
63077
63083
63095
63101
63107
63109
63129
63137
63143
63145
63157
63177
63187
63203
63209
63215
63223
63227
63229
63235
63237
63239
63251
63263
63265
63267
63269
63287
63293
63295
63301
63303
63319
63321
63323
63335
63341
63343
63359
63371
63373
63379
63383
63401
63407
63429
63435
63437
63445
63447
63451
63461
63469
63485
63491
63509
63515
63517
63523
63529
63537
63543
63551
63563
63565
63569
63573
63593
63619
63623
63637
63641
63653
63655
63661
63663
63677
63681
63683
63695
63707
63715
63723
63739
63759
63769
63785
63787
63795
63797
63805
63807
63811
63815
63817
63821
63827
63851
63871
63877
63881
63885
63887
63889
63911
63923
63931
63941
63943
63947
63951
63953
63959
63961
63967
63969
63971
63979
63983
63989
63991
63993
63995
64003
64023
64031
64039
64041
64045
64049
64055
64057
64073
64087
64093
64097
64101
64103
64115
64121
64127
64131
64133
64139
64147
64149
64159
64181
64193
64195
64199
64203
64211
64221
64229
64235
64243
64245
64249
64253
64257
64259
64265
64267
64273
64277
64291
64307
64309
64315
64317
64335
64349
64361
64363
64367
64379
64385
64391
64401
64409
64411
64421
64423
64445
64457
64463
64465
64469
64471
64473
64487
64495
64507
64509
64517
64519
64529
64535
64537
64541
64547
64549
64563
64565
64585
64595
64615
64639
64641
64645
64649
64651
64655
64669
64671
64673
64689
64697
64707
64721
64723
64733
64739
64745
64749
64751
64759
64761
64765
64795
64797
64799
64805
64807
64815
64829
64831
64833
64835
64837
64841
64847
64851
64859
64865
64885
64889
64895
64903
64913
64915
64929
64931
64933
64939
64941
64943
64949
64957
64963
64973
64979
64987
65001
65015
65035
65039
65045
65047
65049
65051
65055
65057
65069
65083
65103
65109
65117
65127
65139
65149
65153
65159
65161
65165
65185
65195
65197
65207
65211
65215
65221
65227
65233
65235
65237
65243
65245
65249
65251
65261
65273
65279
65291
65299
65301
65307
65315
65319
65321
65329
65333
65339
65343
65345
65347
65359
65363
65369
65377
65387
65389
65399
65401
65409
65411
65429
65431
65433
65435
65441
65463
65465
65477
65483
65487
65489
65495
65503
65507
65515
65517
65531
65535
65545
65553
65561
65567
65589
65595
65597
65623
65631
65635
65639
65643
65663
65669
65679
65681
65683
65693
65711
65723
65733
65735
65737
65739
65743
65753
65757
65765
65771
65785
65787
65795
65797
65815
65819
65821
65847
65849
65857
65861
65873
65879
65885
65887
65891
65893
65901
65903
65915
65917
65931
65933
65935
65939
65947
65953
65955
65965
65969
65985
65987
65989
65999
66013
66017
66019
66023
66039
66043
66053
66073
66093
66095
66111
66115
66119
66127
66131
66135
66145
66151
66163
66167
66193
66201
66203
66207
66217
66219
66223
66227
66233
66235
66237
66241
66243
66245
66247
66257
66259
66269
66273
66277
66281
66283
66287
66295
66299
66307
66311
66317
66323
66327
66329
66331
66335
66349
66371
66379
66391
66399
66401
66407
66409
66415
66419
66437
66443
66451
66469
66471
66473
66479
66485
66503
66511
66517
66527
66545
66547
66559
66563
66565
66577
66579
66581
66583
66589
66611
66619
66621
66623
66631
66635
66657
66667
66679
66685
66687
66691
66695
66707
66719
66727
66731
66737
66741
66743
66745
66767
66769
66773
66777
66779
66783
66793
66799
66813
66823
66827
66829
66831
66835
66847
66849
66855
66857
66869
66881
66887
66891
66893
66895
66899
66907
66911
66917
66921
66945
66955
66961
66965
66967
66971
66979
66981
66985
66989
66995
66999
67007
67013
67017
67029
67031
67037
67047
67065
67085
67091
67097
67099
67101
67109
67117
67127
67133
67163
67171
67173
67191
67199
67207
67223
67227
67237
67241
67243
67251
67259
67269
67279
67285
67287
67291
67295
67297
67299
67313
67315
67319
67327
67345
