11
51
69
123
141
197
215
249
255
295
303
321
329
339
345
395
411
413
435
447
501
519
535
537
583
591
649
681
699
705
707
717
749
767
771
779
789
803
807
815
835
879
885
895
913
917
933
951
959
965
995
1041
1043
1077
1079
1115
1133
1149
1167
1169
1173
1177
1195
1203
1223
1245
1257
1285
1293
1313
1315
1329
1345
1383
1391
1401
1411
1437
1487
1509
1527
1529
1535
1551
1563
1565
1577
1605
1645
1671
1679
1685
1689
1695
1735
1739
1749
1757
1761
1779
1797
1799
1817
1819
1829
1835
1837
1841
1865
1909
1915
1923
1927
1941
1947
1959
1963
1969
1977
1985
2001
2031
2033
2049
2051
2055
2065
2095
2119
2157
2165
2177
2183
2215
2219
2229
2235
2283
2291
2319
2327
2335
2391
2395
2407
2427
2429
2435
2461
2463
2495
2505
2513
2515
2517
2519
2533
2569
2571
2573
2589
2595
2599
2611
2615
2643
2661
2685
2703
2723
2733
2735
2739
2771
2785
2787
2807
2815
2823
2827
2839
2841
2845
2859
2885
2893
2899
2931
2933
2935
2949
2951
2955
2987
3013
3017
3039
3043
3047
3057
3065
3071
3073
3093
3095
3113
3147
3149
3151
3183
3215
3223
3263
3265
3269
3273
3291
3309
3317
3327
3353
3365
3385
3401
3405
3415
3419
3427
3443
3453
3493
3495
3521
3531
3543
3545
3561
3563
3569
3579
3595
3599
3635
3647
3669
3687
3695
3713
3715
3729
3745
3749
3777
3791
3799
3815
3817
3827
3831
3839
3841
3845
3849
3855
3859
3865
3867
3899
3901
3903
3921
3941
3945
3949
3953
3957
3959
3983
3985
4007
4035
4039
4043
4045
4071
4083
4089
4101
4109
4115
4117
4119
4151
4169
4183
4189
4193
4195
4207
4213
4223
4227
4233
4237
4265
4267
4277
4281
4285
4299
4307
4313
4315
4317
4323
4333
4353
4355
4379
4393
4395
4415
4427
4435
4439
4443
4461
4465
4469
4471
4479
4487
4497
4501
4511
4521
4529
4533
4535
4541
4547
4559
4569
4571
4573
4589
4595
4601
4619
4645
4659
4667
4677
4709
4713
4727
4735
4739
4749
4755
4769
4781
4803
4821
4835
4837
4839
4843
4857
4883
4885
4897
4899
4911
4915
4917
4927
4963
4979
4985
5001
5015
5017
5029
5033
5053
5057
5063
5065
5091
5095
5123
5127
5129
5137
5163
5165
5177
5191
5195
5199
5205
5207
5221
5257
5267
5269
5293
5295
5315
5327
5345
5357
5359
5361
5383
5385
5389
5395
5411
5423
5433
5435
5457
5459
5465
5469
5485
5489
5497
5509
5515
5533
5541
5545
5549
5561
5567
5579
5585
5599
5609
5627
5631
5633
5663
5667
5703
5707
5709
5721
5723
5727
5739
5745
5753
5761
5763
5765
5771
5773
5777
5793
5803
5815
5835
5847
5865
5873
5893
5899
5907
5909
5919
5933
5935
5937
5959
5965
5971
5991
5999
6009
6023
6041
6049
6055
6059
6065
6071
6081
6083
6085
6095
6103
6109
6115
6117
6127
6139
6141
6145
6157
6167
6179
6185
6187
6189
6193
6207
6209
6227
6239
6243
6251
6259
6261
6265
6285
6295
6297
6303
6313
6333
6341
6347
6349
6383
6385
6387
6395
6407
6415
6423
6433
6439
6445
6457
6459
6467
6485
6503
6509
6511
6515
6523
6527
6535
6539
6557
6583
6587
6593
6595
6613
6621
6623
6629
6639
6667
6677
6707
6711
6729
6731
6735
6739
6743
6767
6785
6797
6799
6801
6819
6821
6835
6839
6865
6881
6891
6893
6927
6995
6999
7003
7005
7009
7017
7037
7045
7051
7053
7055
7061
7067
7071
7073
7091
7093
7097
7115
7117
7123
7133
7135
7143
7145
7165
7169
7179
7181
7183
7185
7195
7197
7217
7221
7223
7233
7235
7241
7251
7257
7265
7269
7273
7277
7279
7289
7291
7295
7313
7319
7323
7339
7341
7343
7367
7377
7383
7387
7395
7397
7403
7415
7427
7431
7435
7445
7463
7465
7473
7483
7491
7495
7545
7553
7571
7593
7599
7609
7615
7627
7629
7631
7635
7637
7647
7663
7679
7689
7715
7721
7737
7739
7743
7745
7763
7795
7797
7799
7823
7831
7835
7847
7849
7859
7863
7885
7887
7895
7899
7903
7909
7915
7939
7945
7967
7971
7973
7979
7981
7989
8003
8027
8035
8045
8057
8061
8063
8065
8079
8083
8095
8097
8129
8131
8133
8135
8143
8153
8173
8185
8187
8189
8207
8213
8223
8239
8255
8257
8259
8267
8279
8285
8309
8315
8319
8327
8331
8333
8335
8339
8345
8347
8351
8355
8359
8367
8383
8403
8407
8413
8417
8441
8445
8453
8455
8457
8481
8483
8485
8489
8495
8507
8511
8517
8519
8529
8535
8545
8549
8551
8561
8567
8579
8583
8615
8617
8637
8639
8653
8657
8665
8679
8691
8709
8717
8727
8735
8749
8765
8767
8781
8791
8795
8805
8809
8813
8817
8823
8843
8851
8871
8873
8879
8881
8885
8889
8895
8899
8903
8907
8915
8927
8935
8939
8945
8947
8953
8981
8985
8987
8995
8997
9019
9033
9039
9047
9069
9071
9077
9079
9095
9097
9101
9107
9115
9123
9129
9143
9149
9167
9169
9179
9193
9197
9205
9229
9233
9235
9249
9255
9259
9267
9287
9289
9299
9307
9309
9335
9347
9353
9357
9365
9379
9381
9383
9385
9389
9395
9411
9427
9445
9453
9469
9481
9487
9493
9499
9501
9509
9529
9535
9545
9557
9565
9569
9573
9593
9609
9617
9627
9659
9663
9665
9669
9683
9695
9705
9707
9713
9715
9727
9737
9745
9753
9757
9771
9785
9793
9799
9823
9827
9833
9839
9853
9865
9869
9877
9885
9893
9895
9897
9917
9935
9953
9959
9961
9965
9969
9979
9983
9987
9989
10011
10015
10031
10041
10047
10049
10063
10073
10077
10085
10097
10113
10123
10129
10135
10155
10157
10165
10171
10183
10189
10195
10207
10217
10221
10239
10245
10255
10259
10263
10265
10277
10307
10315
10319
10327
10347
10361
10379
10383
10393
10401
10409
10411
10415
10423
10435
10439
10445
10451
10461
10473
10481
10483
10495
10517
10523
10541
10543
10547
10549
10565
10577
10581
10583
10595
10599
10617
10637
10643
10645
10661
10669
10671
10679
10681
10685
10697
10699
10703
10715
10741
10743
10747
10757
10765
10779
10783
10785
10801
10807
10811
10813
10819
10823
10851
10855
10869
10871
10877
10895
10907
10913
10915
10931
10943
10947
10951
10967
10969
10977
10997
11009
11013
11015
11017
11021
11031
11035
11039
11065
11095
11099
11101
11103
11107
11129
11141
11145
11153
11157
11185
11189
11195
11203
11209
11215
11219
11233
11245
11263
11267
11269
11283
11291
11301
11303
11309
11327
11333
11335
11337
11345
11347
11363
11371
11377
11387
11389
11391
11395
11409
11413
11429
11435
11451
11459
11463
11465
11473
11483
11499
11507
11509
11531
11537
11545
11567
11573
11577
11589
11591
11595
11611
11623
11641
11643
11659
11665
11683
11693
11695
11703
11707
11729
11733
11735
11741
11747
11751
11759
11769
11785
11787
11791
11807
11819
11841
11847
11851
11857
11861
11873
11879
11883
11885
11893
11909
11915
11937
11945
11955
11957
11965
11967
11983
11985
11993
11995
12001
12003
12019
12021
12023
12029
12035
12039
12047
12053
12057
12059
12067
12077
12079
12091
12115
12131
12133
12135
12137
12145
12147
12185
12199
12219
12229
12233
12235
12237
12271
12273
12283
12287
12295
12305
12311
12313
12317
12331
12335
12349
12351
12359
12361
12365
12367
12371
12381
12385
12389
12399
12405
12407
12417
12419
12423
12449
12461
12471
12499
12509
12515
12521
12523
12533
12549
12563
12565
12567
12585
12599
12623
12631
12633
12639
12643
12651
12665
12677
12685
12687
12695
12701
12715
12719
12723
12731
12733
12745
12759
12761
12767
12777
12779
12785
12793
12797
12803
12811
12813
12817
12837
12839
12847
12849
12855
12857
12867
12877
12883
12895
12905
12929
12945
12949
12963
12965
12977
12995
12997
13011
13027
13031
13045
13047
13055
13057
13061
13067
13069
13085
13087
13097
13107
13119
13123
13141
13153
13157
13169
13173
13179
13191
13193
13197
13199
13205
13207
13223
13227
13233
13247
13253
13259
13261
13263
13283
13285
13295
13303
13305
13307
13315
13319
13343
13349
13353
13371
13373
13379
13385
13387
13389
13391
13393
13403
13405
13413
13415
13435
13439
13443
13445
13459
13465
13479
13493
13495
13501
13507
13515
13517
13519
13535
13541
13543
13549
13551
13559
13565
13569
13593
13595
13607
13621
13637
13639
13641
13643
13645
13661
13667
13727
13733
13739
13745
13749
13765
13783
13793
13811
13819
13823
13835
13849
13853
13855
13865
13885
13891
13895
13897
13899
13909
13911
13919
13927
13929
13935
13939
13943
13945
13947
13957
13961
13967
13979
13985
13991
14015
14017
14019
14037
14039
14059
14069
14073
14093
14095
14099
14101
14109
14113
14117
14123
14129
14141
14151
14163
14165
14171
14185
14189
14199
14201
14205
14207
14215
14219
14223
14227
14237
14241
14253
14257
14261
14263
14267
14269
14273
14279
14311
14317
14333
14339
14359
14361
14377
14379
14381
14395
14397
14429
14435
14441
14451
14453
14477
14483
14485
14495
14509
14513
14515
14521
14529
14545
14569
14573
14581
14585
14587
14613
14615
14617
14619
14631
14635
14647
14655
14659
14667
14677
14681
14687
14691
14693
14695
14711
14719
14745
14755
14757
14761
14765
14777
14785
14789
14793
14809
14811
14815
14829
14845
14857
14863
14873
14881
14899
14901
14917
14919
14921
14933
14935
14943
14953
14959
14987
14993
14995
14999
15009
15011
15019
15023
15027
15037
15045
15047
15063
15071
15079
15087
15089
15095
15097
15103
15109
15115
15117
15119
15127
15143
15145
15151
15153
15157
15163
15179
15185
15197
15209
15213
15215
15243
15245
15261
15281
15285
15293
15297
15347
15371
15389
15395
15397
15411
15415
15419
15421
15431
15437
15441
15445
15449
15459
15469
15479
15487
15503
15509
15513
15515
15517
15545
15557
15563
15567
15573
15593
15595
15599
15611
15613
15629
15635
15637
15653
15659
15663
15673
15677
15685
15689
15693
15697
15701
15703
15707
15711
15713
15735
15743
15745
15753
15755
15763
15769
15779
15781
15783
15803
15807
15815
15819
15829
15833
15835
15837
15853
15861
15865
15869
15871
15891
15909
15911
15917
15927
15933
15935
15941
15943
15949
15961
15977
15989
15995
15999
16009
16013
16015
16019
16043
16045
16049
16051
16053
16059
16077
16085
16113
16139
16143
16145
16153
16159
16161
16163
16167
16179
16181
16197
16199
16203
16207
16243
16251
16259
16261
16265
16271
16283
16285
16289
16295
16307
16309
16313
16323
16327
16331
16343
16351
16357
16367
16379
16387
16391
16397
16403
16409
16413
16431
16439
16449
16455
16457
16463
16469
16483
16489
16495
16499
16503
16507
16517
16521
16535
16545
16557
16565
16571
16583
16593
16595
16597
16599
16609
16613
16615
16621
16627
16635
16645
16663
16679
16681
16697
16711
16715
16719
16723
16727
16735
16739
16753
16773
16781
16783
16793
16795
16797
16801
16817
16837
16841
16847
16851
16853
16859
16865
16867
16873
16877
16889
16907
16915
16917
16919
16945
16949
16953
16971
16973
16991
16997
16999
17005
17007
17023
17035
17039
17045
17065
17079
17083
17087
17089
17095
17129
17133
17135
17147
17149
17151
17155
17165
17179
17193
17201
17213
17219
17223
17227
17233
17237
17245
17249
17267
17269
17273
17279
17285
17287
17309
17311
17315
17319
17323
17335
17339
17345
17347
17349
17363
17369
17371
17399
17403
17411
17413
17421
17437
17439
17441
17445
17447
17453
17465
17479
17485
17495
17503
17513
17521
17527
17529
17531
17533
17547
17549
17567
17583
17585
17601
17603
17605
17617
17621
17635
17637
17639
17645
17651
17663
17665
17679
17687
17691
17693
17695
17697
17699
17709
17717
17719
17723
17731
17733
17735
17743
17771
17777
17779
17781
17785
17795
17801
17805
17809
17813
17815
17817
17819
17833
17845
17849
17867
17869
17873
17877
17879
17895
17897
17915
17943
17947
17951
17961
17965
17967
17993
17999
18003
18007
18011
18017
18033
18035
18053
18065
18071
18079
18085
18087
18101
18107
18113
18115
18141
18147
18151
18159
18185
18187
18197
18203
18209
18215
18247
18255
18263
18267
18283
18285
18287
18293
18295
18303
18305
18317
18319
18323
18331
18335
18339
18343
18345
18347
18349
18359
18365
18373
18381
18385
18391
18393
18395
18407
18419
18429
18435
18437
18449
18467
18471
18479
18485
18509
18511
18519
18545
18547
18551
18557
18559
18561
18563
18569
18579
18581
18589
18591
18595
18599
18607
18609
18611
18623
18629
18641
18647
18649
18659
18663
18665
18673
18677
18689
18695
18703
18707
18709
18715
18737
18739
18763
18771
18777
18779
18781
18789
18799
18807
18809
18827
18835
18841
18845
18851
18853
18857
18861
18863
18871
18877
18881
18883
18885
18889
18893
18895
18897
18923
18929
18933
18937
18939
18949
18951
18953
18955
18961
18965
18969
18977
18983
18985
18987
18989
19007
19015
19021
19027
19033
19043
19049
19059
19063
19077
19099
19103
19115
19127
19129
19147
19153
19155
19165
19167
19187
19189
19193
19199
19205
19217
19223
19235
19243
19245
19247
19253
19265
19271
19283
19295
19297
19315
19317
19327
19331
19335
19339
19347
19349
19361
19367
19369
19385
19389
19399
19409
19411
19419
19439
19445
19451
19473
19487
19495
19511
19519
19523
19529
19533
19535
19547
19563
19567
19579
19583
19585
19589
19591
19595
19605
19615
19619
19627
19631
19633
19637
19639
19643
19645
19653
19667
19673
19679
19689
19693
19705
19707
19711
19715
19733
19735
19741
19743
19767
19769
19771
19785
19787
19799
19805
19807
19823
19829
19831
19835
19837
19839
19847
19849
19859
19865
19879
19883
19895
19907
19921
19931
19945
19955
19959
19967
19977
20001
20003
20015
20027
20035
20039
20053
20059
20067
20081
20093
20095
20099
20103
20119
20135
20153
20157
20159
20171
20179
20189
20211
20217
20227
20243
20245
20257
20267
20279
20283
20285
20299
20303
20309
20317
20321
20337
20355
20363
20365
20373
20381
20395
20401
20409
20413
20423
20437
20445
20453
20465
20473
20481
20495
20497
20499
20505
20527
20537
20541
20545
20561
20571
20573
20579
20585
20589
20595
20597
20603
20607
20617
20623
20633
20635
20651
20653
20657
20659
20665
20669
20687
20695
20697
20699
20711
20713
20729
20733
20741
20751
20755
20765
20777
20785
20795
20797
20803
20821
20827
20831
20833
20837
20841
20843
20851
20861
20863
20877
20885
20891
20893
20913
20915
20917
20927
20931
20949
20953
20965
20977
20987
20993
21003
21007
21009
21029
21039
21043
21047
21053
21057
21071
21079
21083
21085
21095
21103
21129
21133
21135
21137
21145
21153
21161
21165
21181
21203
21209
21215
21237
21239
21245
21257
21259
21263
21265
21271
21281
21287
21293
21295
21301
21309
21327
21343
21351
21363
21367
21369
21381
21405
21415
21427
21431
21439
21443
21453
21457
21459
21479
21485
21495
21497
21509
21513
21549
21551
21553
21561
21579
21581
21583
21585
21619
21623
21629
21631
21633
21635
21643
21653
21665
21671
21677
21685
21687
21695
21697
21703
21719
21741
21743
21745
21747
21759
21769
21779
21785
21791
21797
21811
21815
21823
21829
21833
21849
21857
21865
21873
21877
21883
21887
21899
21907
21913
21919
21921
21947
21949
21967
21981
21985
21989
21993
21995
22007
22015
22019
22043
22045
22047
22069
22087
22115
22117
22141
22151
22161
22169
22183
22187
22207
22211
22213
22217
22219
22223
22235
22285
22289
22297
22299
22305
22309
22313
22315
22319
22327
22331
22333
22339
22341
22353
22355
22357
22359
22363
22367
22371
22395
22403
22415
22417
22421
22423
22427
22429
22439
22443
22461
22463
22465
22471
22485
22487
22493
22497
22499
22505
22519
22523
22529
22535
22551
22553
22555
22561
22565
22569
22577
22583
22585
22587
22595
22597
22603
22609
22615
22623
22641
22655
22663
22667
22677
22693
22695
22703
22711
22729
22731
22733
22735
22745
22749
22757
22767
22771
22795
22799
22821
22823
22835
22837
22843
22845
22855
22865
22867
22879
22881
22889
22897
22903
22909
22913
22915
22927
22929
22947
22949
22957
22985
23005
23009
23015
23019
23039
23047
23055
23069
23073
23083
23089
23093
23107
23109
23113
23129
23141
23147
23149
23181
23183
23185
23187
23191
23195
23207
23213
23215
23231
23237
23239
23245
23249
23257
23261
23267
23271
23285
23295
23303
23305
23315
23317
23335
23351
23363
23365
23379
23381
23385
23387
23389
23395
23401
23403
23407
23411
23423
23435
23437
23441
23449
23451
23453
23461
23467
23469
23477
23483
23487
23489
23493
23503
23507
23511
23513
23515
23519
23523
23533
23551
23559
23597
23611
23615
23631
23639
23641
23645
23647
23649
23665
23683
23691
23695
23699
23703
23713
23717
23721
23727
23729
23737
23745
23757
23759
23771
23795
23797
23803
23807
23811
23817
23839
23847
23849
23855
23861
23867
23879
23891
23897
23905
23915
23921
23933
23935
23939
23941
23943
23945
23947
23963
23965
23989
23995
23999
24017
24027
24047
24053
24055
24065
24067
24085
24105
24117
24119
24127
24131
24139
24143
24161
24173
24191
24199
24205
24207
24209
24215
24227
24231
24233
24241
24243
24259
24261
24269
24271
24277
24279
24283
24285
24287
24289
24313
24319
24323
24331
24333
24343
24347
24351
24357
24359
24361
24369
24377
24383
24385
24393
24397
24403
24409
24429
24433
24437
24441
24445
24447
24449
24455
24463
24467
24479
24485
24493
24503
24513
24515
24519
24523
24529
24539
24555
24557
24559
24577
24581
24587
24589
24595
24599
24607
24613
24619
24629
24635
24657
24665
24667
24685
24689
24693
24707
24711
24715
24729
24731
24751
24757
24771
24773
24785
24791
24797
24803
24815
24819
24829
24833
24835
24845
24853
24865
24869
24873
24883
24891
24895
24905
24911
24913
24935
24947
24959
24965
24985
24991
24995
25001
25003
25005
25007
25015
25021
25027
25041
25045
25061
25063
25067
25085
25089
25099
25103
25107
25113
25115
25145
25149
25151
25157
25161
25165
25177
25187
25195
25199
25213
25217
25223
25231
25239
25241
25249
25267
25269
25277
25279
25283
25285
25287
25295
25319
25331
25337