Pseudosquares
73
241
1009
2641
8089
18001
53881
87481
117049
515761
1083289
3206641
3818929
9257329
22000801
48473881
48473881
175244281
427733329
427733329
898716289
2805544681
2805544681
2805544681
10310263441
23616331489
85157610409
85157610409
196265095009
196265095009
2871842842801
2871842842801
2871842842801
26250887023729
26250887023729
112434732901969
112434732901969
112434732901969
178936222537081
178936222537081
696161110209049
696161110209049
2854909648103881
6450045516630769
6450045516630769
11641399247947921
11641399247947921
190621428905186449
196640248121928601
712624335095093521
1773855791877850321
2327687064124474441
6384991873059836689
8019204661305419761
10198100582046287689
10198100582046287689
10198100582046287689
69848288320900186969
208936365799044975961
533552663339828203681
936664079266714697089
936664079266714697089
2142202860370269916129
2142202860370269916129
2142202860370269916129
13649154491558298803281
34594858801670127778801
99492945930479213334049
99492945930479213334049
295363487400900310880401
295363487400900310880401
3655334429477057460046489
4235025223080597503519329



