11
51
141
321
411
501
591
681
771
951
1041
1391
1401
1551
1671
1761
1841
1941
2001
2031
2051
2291
2391
2461
2571
2611
2661
2771
2841
2931
2951
3071
3291
3401
3521
3531
3561
3791
3831
3841
3901
3921
3941
4071
4101
4151
4281
4461
4471
4501
4511
4541
4571
4781
4821
4911
5001
5091
5191
5221
5361
5411
5541
5561
5631
5721
5761
5771
5971
5991
6041
6071
6081
6141
6251
6261
6341
6511
6621
6711
6731
6801
6821
6881
6891
7051
7061
7071
7091
7181
7221
7241
7251
7291
7341
7431
7491
7571
7631
7721
7971
7981
8061
8131
8331
8351
8441
8481
8511
8551
8561
8691
8781
8791
8851
8871
8881
8981
9071
9101
9381
9411
9481
9501
9771
9961
10031
10041
10171
10221
10401
10411
10451
10461
10481
10541
10581
10661
10671
10681
10741
10801
10811
10851
10871
10931
10951
11021
11031
11101
11141
11291
11301
11371
11391
11451
11531
11591
11611
11641
11741
11751
11791
11841
12001
12021
12091
12131
12271
12311
12331
12351
12361
12371
12381
12461
12471
12521
12631
12651
12701
12731
12761
12811
13011
13031
13061
13141
13191
13261
13371
13391
13501
13541
13551
13641
13661
13811
13891
13911
13961
14141
14151
14171
14201
14241
14261
14361
14441
14451
14581
14631
14681
14691
14711
14761
14811
14881
14901
14921
15011
15261
15281
15411
15421
15431
15441
15611
15701
15711
15781
15861
15871
15891
15911
15941
16051
16161
16181
16251
16261
16271
16331
16351
16431
16521
16571
16621
16681
16711
16781
16801
16851
16971
16991
17151
17201
17371
17411
17421
17441
17521
17531
17601
17621
17651
17691
17771
17781
17801
17951
17961
18011
18071
18141
18331
18381
18391
18471
18511
18551
18561
18581
18591
18611
18641
18771
18781
18841
18851
18861
18871
18881
18951
19021
19331
19361
19411
19451
19511
19631
19711
19741
19771
19831
19921
19931
20001
20081
20171
20211
20321
20381
20401
20481
20541
20561
20571
20651
20711
20741
20751
20821
20831
20841
20851
20861
20891
20931
21071
21161
21181
21281
21301
21351
21381
21431
21551
21561
21671
21741
21791
21811
21921
21981
22151
22161
22211
22341
22371
22421
22461
22471
22551
22561
22641
22711
22731
22771
22821
22881
23141
23181
23191
23231
23261
23271
23351
23381
23401
23411
23441
23451
23461
23511
23551
23611
23631
23641
23691
23721
23771
23811
23861
23891
23941
24161
24191
24231
24241
24261
24271
24331
24351
24361
24441
24581
24711
24731
24751
24771
24791
24891
24911
25001
25021
25061
25151
25161
25231
25241
25331
25341
25361
25381
25451
25481
25491
25501
25511
25611
25661
25791
25811
25881
25891
25901
26051
26101
26131
26231
26241
26301
26311
26351
26421
26461
26471
26511
26521
26571
26601
26621
26771
26831
26841
26911
26931
26971
27041
27131
27151
27221
27291
27301
27341
27411
27461
27571
27601
27671
27681
27771
27821
27871
27921
28091
28131
28141
28261
28271
28281
28311
28361
28401
28421
28451
28461
28491
28511
28531
28651
28691
28761
28781
28801
28811
28831
28891
28931
29011
29031
29071
29111
29271
29301
29321
29471
29491
29521
29571
29661
29731
29771
29801
29831
29861
29911
29981
30021
30061
30111
30131
30191
30201
30221
30281
30421
30461
30541
30551
30571
30611
30621
30641
30691
30711
30731
30741
30761
30961
30981
30991
31011
31061
31111
31281
31351
31371
31381
31411
31421
31441
31451
31461
31591
31611
31631
31711
31811
31821
31831
31931
31951
32001
32071
32081
32101
32161
32171
32201
32241
32351
32421
32461
32471
32521
32541
32711
32741
32811
32921
33051
33061
33081
33101
33171
33221
33261
33321
33351
33421
33431
33481
33491
33531
33551
33571
33701
33731
33841
34021
34051
34091
34121
34181
34201
34271
34291
34341
34451
34531
34621
34691
34791
34811
34901
34931
34951
34971
35021
35071
35121
35151
35161
35331
35341
35391
35411
35421
35431
35441
35471
35571
35601
35611
35621
35691
35701
35741
35781
35791
35821
35891
35941
35961
35971
36031
36041
36101
36201
36221
36321
36331
36361
36371
36521
36581
36591
36611
36631
36681
36731
36851
36881
36911
37001
37031
37041
37081
37091
37101
37121
37131
37151
37211
37241
37261
37301
37311
37331
37391
37421
37451
37481
37491
37581
37601
37651
37661
37711
37721
37751
37771
37801
37891
37921
37931
37941
38001
38021
38051
38071
38101
38131
38141
38251
38341
38381
38401
38441
38531
38681
38741
38751
38761
38771
38811
38911
38991
39021
39031
39071
39111
39171
39211
39271
39311
39361
39381
39561
39651
39731
39781
39851
39871
39881
39911
40011
40061
40081
40091
40101
40141
40181
40191
40211
40371
40381
40421
40461
40511
40561
40571
40661
40691
40731
40811
40871
40901
40981
40991
41071
41091
41101
41171
41191
41271
41291
41321
41471
41501
41531
41631
41721
41731
41871
41891
41901
41991
42011
42031
42051
42161
42171
42241
42261
42311
42341
42371
42401
42421
42481
42531
42541
42551
42621
42631
42681
42691
42721
42771
42781
42791
42851
42871
42941
42971
42981
42991
43001
43131
43141
43161
43171
43211
43231
43341
43351
43511
43611
43631
43741
43751
43761
43811
43841
43851
43861
43871
43881
43921
43931
43971
44151
44191
44231
44241
44261
44411
44441
44461
44471
44571
44601
44611
44691
44761
44791
44871
44931
44941
44951
45001
45051
45071
45111
45211
45231
45271
45311
45321
45371
45391
45411
45421
45471
45581
45611
45661
45671
45681
45701
45721
45781
45791
45851
45861
45911
45931
45941
46031
46111
46131
46151
46191
46201
46231
46241
46291
46321
46331
46361
46391
46401
46461
46491
46541
46551
46571
46581
46621
46651
46661
46721
46801
46841
46891
46921
46941
46951
47011
47021
47091
47131
47141
47171
47211
47231
47261
47281
47301
47391
47401
47471
47621
47651
47661
47731
47761
47801
47891
47921
47991
48001
48011
48021
48031
48041
48071
48101
48151
48181
48201
48291
48331
48351
48381
48421
48431
48451
48551
48561
48631
48651
48721
48791
48881
48901
48931
48971
48981
49001
49071
49091
49111
49181
49271
49281
49351
49421
49461
49501
49511
49521
49571
49611
49621
49641
49721
49821
49901
49961
50011
50071
50191
50281
50351
50361
50381
50491
50511
50621
50641
50681
50701
50761
50791
50801
50811
50921
50981
51041
51081
51161
51251
51311
51331
51351
51371
51391
51451
51571
51591
51601
51621
51671
51781
51791
51811
51841
51851
51861
51881
51981
52031
52061
52091
52161
52211
52241
52251
52271
52331
52351
52411
52431
52471
52581
52601
52661
52771
52791
52831
52841
52881
52931
52971
52991
53081
53111
53141
53191
53241
53311
53421
53471
53501
53511
53521
53561
53651
53701
53821
53871
53921
53961
54021
54041
54071
54111
54141
54191
54211
54221
54231
54271
54451
54491
54551
54611
54701
54731
54761
54771
54791
54841
54861
54911
55011
55031
55091
55111
55121
55241
55271
55361
55481
55531
55561
55591
55641
55741
55761
55841
55851
55961
56011
56051
56191
56201
56261
56281
56351
56371
56391
56411
56461
56471
56491
56521
56561
56741
56751
56831
56841
56861
56971
56981
57001
57011
57031
57071
57081
57091
57101
57111
57341
57361
57371
57391
57441
57461
57471
57541
57611
57701
57721
57821
57871
57891
57911
57931
57941
58021
58051
58141
58181
58281
58351
58371
58541
58571
58591
58651
58691
58701
58721
58731
58781
58811
58861
58871
58891
58971
59091
59111
59131
59181
59191
59201
59231
59261
59371
59381
59421
59511
59531
59681
59691
59741
59761
59801
59811
59821
59941
59991
60011
60121
60131
60181
60241
60281
60301
60311
60341
60351
60361
60371
60441
60461
60531
60571
60641
60681
60751
60771
60851
60871
60891
60911
60971
60981
61021
61071
61081
61111
61181
61271
61301
61311
61351
61361
61431
61481
61521
61531
61571
61591
61851
61881
61891
61921
61931
61941
62021
62111
62151
62211
62221
62231
62241
62291
62411
62421
62431
62461
62471
62481
62521
62561
62621
62681
62691
62741
62831
62891
62911
62931
62941
63051
63061
63071
63101
63251
63301
63321
63341
63371
63401
63451
63461
63491
63551
63641
63661
63681
63811
63821
63851
63871
63881
63911
63931
63941
63951
63961
63971
63991
64031
64041
64101
64121
64131
64181
64211
64221
64291
64361
64391
64401
64411
64421
64471
64541
64641
64651
64671
64721
64751
64761
64831
64841
64851
64931
64941
65001
65051
65161
65211
65221
65251
65261
65291
65301
65321
65401
65411
65431
65441
65531
65561
65631
65681
65711
65771
65821
65861
65891
65901
65931
66111
66131
66151
66201
66241
66281
66311
66331
66371
66391
66401
66451
66471
66511
66581
66611
66621
66631
66691
66731
66741
66831
66881
66891
66911
66921
66961
66971
66981
67031
67091
67101
67171
67191
67241
67251
67291
67351
67361
67441
67451
67501
67521
67561
67591
67621
67681
67791
67811
67841
67911
68011
68051
68091
68131
68181
68201
68291
68361
68431
68451
68511
68631
68641
68721
68741
68781
68811
68831
68861
68871
68911
68941
69081
69101
69171
69181
69241
69261
69271
69281
69351
69421
69451
69511
69521
69581
69631
69871
69881
69891
69981
70031
70071
70171
70221
70251
70261
70291
70311
70341
70391
70421
70541
70601
70611
70631
70651
70691
70701
70721
70751
70781
70831
70881
70931
70961
71051
71061
71111
71131
71141
71201
71221
71241
71291
71311
71371
71441
71531
71561
71581
71591
71621
71701
71771
71801
71851
71871
71911
72001
72011
72041
72061
72071
72121
72131
72151
72191
72201
72231
72281
72301
72311
72321
72371
72381
72391
72401
72411
72451
72511
72521
72591
72691
72731
72791
72811
72831
72841
72851
72941
72951
72971
72991
73031
73221
73241
73301
73391
73411
73461
73481
73491
73541
73581
73591
73601
73621
73631
73661
73691
73741
73821
73901
73911
73981
73991
74001
74031
74081
74171
74281
74301
74321
74341
74351
74401
74461
74581
74641
74651
74671
74701
74751
74791
74881
74911
74931
74981
75001
75031
75071
75081
75111
75131
75191
75221
75281
75291
75301
75311
75381
75451
75491
75581
75631
75661
75741
75751
75791
75811
75841
75871
75921
75971
76051
76061
76101
76121
76181
76211
76271
76291
76331
76361
76371
76381
76521
76571
76661
76691
76711
76731
76811
76841
76901
76981
77001
77021
77051
77061
77071
77111
77131
77231
77251
77321
77381
77411
77461
77501
77541
77581
77651
77781
77791
77821
77831
77871
77881
77911
77921
77941
77991
78061
78071
78161
78231
78251
78271
78331
78361
78371
78411
78431
78451
78461
78481
78491
78501
78531
78581
78601
78611
78641
78671
78711
78731
78801
78811
78851
78871
78891
78911
78931
78971
79061
79071
79091
79141
79161
79251
79271
79351
79421
79431
79511
79581
79651
79661
79741
79761
79791
79831
79881
79931
79951
79961
80061
80101
80121
80131
80151
80261
80281
80291
80331
80351
80371
80381
80441
80501
80521
80531
80561
80571
80641
80741
80751
80781
80791
80851
80891
80921
80931
80961
80981
81021
81051
81061
81091
81121
81161
81211
81231
81241
81251
81301
81311
81321
81431
81451
81481
81491
81511
81521
81581
81591
81601
81651
81661
81731
81741
81751
81811
81821
81911
81941
82001
82041
82081
82091
82121
82151
82201
82211
82221
82311
82331
82451
82481
82541
82581
82631
82691
82711
82771
82831
82851
82871
82911
82921
82931
82941
82961
82991
83041
83131
83191
83211
83271
83291
83301
83321
83351
83371
83411
83461
83481
83491
83531
83551
83711
83751
83801
83831
83841
83861
83941
83971
84001
84031
84101
84251
84291
84311
84451
84511
84571
84671
84781
84791
84831
84901
84921
84971
85001
85051
85111
85141
85181
85231
85271
85351
85391
85421
85501
85511
85521
85551
85641
85651
85681
85741
85771
85801
85811
85821
85841
85861
85871
85891
85961
86041
86081
86091
86231
86261
86321
86431
86451
86551
86611
86641
86651
86741
86761
86891
86911
86941
86971
87081
87161
87301
87311
87331
87341
87371
87441
87551
87581
87611
87621
87681
87761
87771
87821
87851
87871
87891
87981
88031
88061
88081
88091
88121
88131
88141
88161
88171
88181
88291
88331
88391
88421
88441
88481
88501
88571
88611
88631
88671
88701
88751
88891
88901
88921
88931
89031
89081
89111
89141
89151
89171
89191
89201
89211
89221
89251
89291
89321
89341
89391
89461
89511
89581
89601
89651
89711
89761
89781
89791
89851
89861
89911
90131
90141
90151
90221
90251
90311
90331
90381
90411
90421
90431
90451
90471
90491
90521
90541
90571
90591
90661
90671
90691
90701
90791
90811
90881
91011
91021
91041
91051
91061
91111
91171
91181
91191
91231
91241
91261
91271
91301
91361
91401
91421
91451
91481
91491
91511
91641
91651
91671
91681
91721
91751
91861
91871
91901
91981
91991
92011
92031
92141
92161
92171
92231
92281
92341
92351
92361
92471
92531
92591
92621
92651
92711
92741
92881
92891
92901
92931
92971
93061
93161
93191
93211
93221
93271
93361
93401
93421
93431
93461
93551
93571
93621
93641
93671
93691
93741
93751
93821
93831
93881
93921
93991
94011
94021
94061
94091
94141
94191
94211
94241
94511
94551
94571
94591
94631
94641
94661
94711
94741
94751
94821
94901
94921
94931
94981
95001
95171
95181
95291
95321
95351
95411
95431
95451
95521
95541
95591
95601
95611
95671
95691
95721
95741
95831
95861
95981
96011
96051
96061
96071
96081
96101
96121
96151
96171
96271
96351
96371
96521
96541
96551
96571
96611
96701
96711
96781
96791
96841
96861
96881
96891
96951
96961
96981
96991
97091
97111
97141
97181
97211
97261
97331
97361
97391
97411
97421
97471
97481
97521
97531
97541
97581
97591
97611
97631
97691
97721
97741
97901
98031
98061
98111
98141
98151
98171
98191
98201
98231
98261
98291
98311
98351
98381
98401
98431
98471
98481
98501
98521
98531
98581
98591
98651
98741
98791
98821
98831
98871
98891
98941
98951
98961
98971
99001
99031
99071
99091
99101
99211
99221
99271
99281
99291
99301
99311
99321
99331
99461
99471
99481
99521
99641
99651
99691
99701
99751
99791
99831
99861
99931
99941
99951
100001
100021
100031
100041
100051
100061
100111
100121
100131
100141
100241
100301
100321
100351
100421
100451
100531
100561
100601
100631
100691
100761
100771
100831
100841
100851
100921
100941
100951
100961
101001
101041
101071
101131
101181
101191
101261
101291
101301
101351
101391
101431
101471
101481
101521
101551
101571
101621
101721
101791
101801
101831
101851
101861
101941
102041
102091
102131
102151
102221
102261
102281
102371
102381
102391
102401
102431
102471
102491
102511
102521
102571
102581
102651
102671
102691
102731
102751
102781
102791
102941
102991
103011
103031
103051
103061
103081
103101
103161
103181
103211
103271
103301
103371
103431
103461
103481
103521
103541
103631
103661
103741
103771
103781
103791
103821
103891
103901
103921
103931
104001
104011
104041
104051
104101
104111
104151
104221
104261
104271
104291
104331
104351
104411
104431
104461
104501
104511
104521
104541
104581
104591
104621
104631
104641
104671
104771
104781
104821
104861
104881
104921
104941
105011
105041
105061
105081
105091
105121
105141
105181
105221
105281
105311
105351
105371
105411
105421
105431
105451
105461
105511
105521
105551
105581
105731
105801
105811
105841
105901
105911
105941
105981
105991
106001
106061
106091
106111
106131
106171
106211
106231
106271
106341
106351
106401
106471
106511
106521
106611
106651
106741
106791
106831
106841
106891
107011
107041
107081
107111
107131
107141
107151
107191
107221
107231
107241
107281
107291
107301
107321
107341
107411
107431
107491
107501
107511
107521
107531
107551
107561
107651
107661
107681
107691
107711
107831
107851
107861
107891
108051
108071
108221
108311
108321
108341
108371
108391
108411
108451
108551
108581
108601
108611
108701
108901
109031
109051
109101
109191
109231
109241
109381
109401
109491
109501
109581
109591
109601
109631
109651
109691
109761
109781
109811
109921
110021
110031
110041
110101
110111
110131
110141
110191
110301
110341
110351
110411
110451
110471
110521
110571
110611
110621
110661
110671
110761
110791
110801
110841
110861
110891
110911
110941
110981
111001
111071
111131
111151
111161
111291
111461
111621
111651
111701
111711
111761
111801
111811
111831
111851
111901
111911
111921
111961
111991
112001
112011
112051
112151
112191
112231
112301
112321
112391
112411
112431
112441
112451
112551
112631
112641
112721
112781
112811
112821
112841
112881
112981
112991
113101
113191
113231
113251
113291
113321
113351
113411
113461
113471
113531
113541
113551
113641
113651
113681
113711
113721
113741
113771
113801
113901
113911
113941
113951
113971
113981
113991
114011
114061
114071
114181
114241
114251
114301
114321
114331
114341
114401
114411
114431
114491
114531
114541
114551
114581
114701
114711
114821
114881
114931
114961
114971
114981
114991
115031
115171
115261
115291
115341
115391
115441
115481
115491
115501
115511
115531
115541
115581
115651
115681
115691
115701
115761
115871
115951
115991
116011
116111
116161
116171
116221
116231
116241
116311
116321
116391
116401
116481
116561
116591
116601
116611
116621
116651
116671
116711
116761
116771
116821
116861
116941
116951
116971
117001
117011
117121
117141
117151
117161
117271
117321
117341
117401
117421
117561
117581
117601
117611
117631
117641
117681
117761
117791
117871
117921
117941
117951
117961
117971
118021
118091
118181
118231
118241