197
447
537
707
717
767
807
917
1077
1167
1177
1257
1437
1527
1577
1757
1797
1817
1837
1927
1947
1977
2157
2177
2327
2407
2427
2517
2787
2807
2827
2987
3017
3047
3057
3147
3317
3327
3427
3647
3687
3777
3817
3867
3957
4007
4117
4207
4227
4237
4267
4307
4317
4427
4487
4497
4667
4677
4727
4857
4897
4917
4927
5017
5057
5127
5137
5177
5207
5257
5267
5327
5357
5457
5497
5567
5667
5707
5727
5777
5847
5907
5937
6117
6127
6167
6187
6207
6227
6297
6347
6387
6407
6457
6467
6527
6557
6587
6667
6677
6707
6767
6797
6927
7017
7037
7067
7097
7117
7197
7217
7257
7277
7367
7377
7387
7397
7427
7627
7637
7647
7737
7797
7847
7887
7967
8057
8097
8187
8207
8257
8267
8327
8347
8367
8407
8417
8457
8507
8517
8567
8617
8637
8657
8727
8817
8907
8927
8947
8987
8997
9047
9097
9107
9167
9267
9287
9307
9347
9357
9427
9557
9617
9627
9707
9727
9737
9757
9827
9897
9917
9987
10047
10077
10097
10157
10207
10217
10277
10307
10327
10347
10517
10547
10577
10617
10637
10697
10747
10757
10807
10907
10947
10967
10977
10997
11017
11107
11157
11267
11327
11337
11347
11387
11507
11567
11577
11707
11747
11787
11847
11857
11937
11957
11967
12047
12057
12067
12077
12137
12147
12237
12287
12317
12367
12407
12417
12567
12677
12687
12767
12777
12797
12817
12837
12867
12877
12977
13047
13057
13067
13087
13097
13107
13157
13197
13207
13227
13247
13307
13387
13507
13517
13607
13637
13667
13927
13947
13957
14017
14037
14117
14227
14237
14257
14267
14377
14397
14477
14587
14617
14647
14667
14677
14687
14757
14777
14857
14987
15027
15037
15047
15087
15097
15117
15127
15157
15197
15297
15347
15397
15437
15487
15517
15557
15567
15637
15697
15707
15807
15837
15917
15927
15977
16077
16167
16197
16307
16327
16357
16367
16387
16397
16457
16507
16517
16557
16597
16627
16697
16727
16797
16817
16837
16867
16877
16907
16917
16997
17007
17087
17147
17227
17267
17287
17347
17437
17527
17547
17567
17617
17637
17687
17697
17777
17817
17867
17877
17897
17947
17967
18007
18017
18087
18107
18147
18187
18197
18247
18267
18347
18407
18437
18467
18547
18607
18647
18677
18707
18737
18777
18807
18827
18857
18877
18897
18937
18977
18987
19007
19027
19077
19127
19147
19167
19187
19217
19247
19297
19317
19327
19347
19367
19487
19547
19567
19637
19667
19707
19767
19787
19807
19837
19847
19907
19967
19977
20067
20157
20217
20227
20257
20267
20337
20437
20497
20527
20537
20597
20607
20617
20657
20687
20697
20777
20797
20877
20917
20927
20977
20987
21047
21057
21137
21237
21257
21287
21327
21367
21427
21457
21497
21677
21687
21697
21747
21797
21857
21877
21887
21907
21967
22007
22047
22087
22117
22187
22207
22217
22297
22327
22417
22427
22497
22577
22587
22597
22667
22677
22757
22767
22837
22867
22897
22927
22947
22957
23047
23107
23147
23187
23237
23267
23317
23387
23407
23437
23477
23487
23507
23597
23717
23727
23737
23757
23807
23817
23847
23867
23897
24017
24027
24047
24067
24117
24127
24207
24227
24277
24287
24347
24357
24377
24397
24437
24447
24467
24557
24587
24607
24657
24667
24707
24757
24797
24947
25007
25027
25067
25107
25157
25177
25187
25217
25267
25287
25337
25387
25427
25507
25517
25567
25597
25687
25697
25727
25757
25777
25787
25807
25817
25827
25837
25877
25907
25937
25967
26007
26057
26097
26137
26167
26207
26327
26367
26427
26447
26457
26477
26507
26527
26537
26547
26567
26617
26697
26747
26827
26837
26857
26887
26917
26967
26997
27057
27087
27137
27177
27227
27247
27287
27317
27377
27497
27507
27517
27557
27627
27687
27707
27717
27727
27757
27777
27887
27907
28127
28137
28147
28157
28187
28207
28257
28267
28327
28367
28397
28407
28437
28487
28507
28617
28637
28727
28757
28777
28787
28847
28877
28937
28957
28967
28997
29067
29107
29157
29177
29227
29247
29317
29377
29397
29417
29447
29467
29477
29507
29517
29557
29677
29687
29747
29787
29797
29827
29937
29957
30017
30067
30077
30157
30167
30237
30257
30287
30337
30377
30397
30407
30417
30487
30507
30547
30567
30587
30647
30657
30737
30767
30777
30787
30827
30867
30887
30917
30947
30967
31067
31127
31157
31187
31207
31427
31457
31467
31497
31577
31587
31597
31637
31677
31737
31757
31767
31777
31867
31877
31897
31937
31967
32007
32087
32107
32127
32167
32177
32217
32267
32287
32317
32387
32397
32527
32557
32567
32577
32597
32627
32667
32677
32807
32827
32847
32867
32897
32927
32937
33007
33087
33097
33127
33157
33207
33217
33257
33277
33437
33477
33527
33557
33607
33627
33677
33737
33807
33837
33887
33907
33977
34007
34017
34027
34067
34087
34097
34107
34117
34187
34197
34247
34387
34397
34427
34467
34477
34517
34527
34547
34557
34567
34577
34597
34617
34637
34647
34707
34717
34737
34777
34837
34867
34887
34927
34957
34967
34977
34987
35047
35057
35077
35087
35097
35137
35147
35177
35207
35237
35297
35347
35357
35367
35417
35467
35477
35567
35627
35707
35727
35737
35767
35777
35807
35817
35857
35887
35907
35927
35947
36077
36167
36197
36227
36237
36257
36317
36347
36357
36367
36377
36397
36437
36447
36487
36547
36557
36577
36597
36617
36647
36707
36717
36727
36757
36797
36807
36817
36827
36967
36977
36987
37007
37027
37047
37067
37127
37157
37187
37207
37237
37247
37427
37437
37457
37487
37577
37617
37667
37707
37727
37757
37817
37837
37867
37937
37977
38017
38027
38057
38067
38087
38107
38117
38127
38137
38147
38267
38297
38347
38427
38537
38587
38647
38687
38697
38797
38807
38847
38877
38887
38927
38957
38987
39017
39077
39127
39137
39147
39167
39187
39197
39247
39287
39307
39327
39427
39467
39487
39497
39547
39557
39577
39587
39617
39637
39647
39677
39687
39707
39737
39757
39777
39787
39797
39917
39977
40007
40027
40057
40067
40107
40147
40157
40297
40307
40367
40407
40457
40497
40517
40537
40547
40557
40567
40607
40647
40727
40747
40757
40857
40907
40917
40947
40957
40967
40987
40997
41027
41037
41087
41127
41267
41347
41377
41397
41437
41487
41527
41537
41547
41557
41577
41677
41707
41717
41747
41767
41807
41817
41837
41857
41867
41917
41977
42027
42047
42077
42167
42177
42247
42317
42367
42377
42477
42497
42537
42587
42647
42707
42747
42817
42877
42887
42907
42917
42947
43007
43057
43077
43097
43107
43147
43157
43187
43217
43247
43297
43357
43447
43467
43477
43527
43547
43557
43567
43637
43647
43657
43667
43697
43707
43727
43817
43847
43917
43937
44007
44057
44077
44097
44117
44137
44147
44157
44167
44177
44277
44327
44347
44387
44427
44467
44477
44527
44557
44567
44627
44637
44677
44697
44747
44767
44817
44827
44837
44857
44907
44947
44977
45017
45047
45057
45097
45107
45147
45187
45217
45237
45257
45277
45327
45367
45397
45407
45437
45447
45457
45467
45547
45577
45607
45637
45647
45727
45797
45807
45857
45877
45897
45907
45937
45977
45987
45997
46007
46037
46077
46087
46117
46127
46267
46297
46357
46367
46387
46397
46427
46547
46577
46587
46607
46627
46637
46667
46707
46777
46787
46837
46847
46887
46897
46907
46927
47077
47127
47167
47227
47247
47267
47327
47347
47377
47427
47447
47467
47487
47557
47567
47597
47627
47707
47747
47847
47867
47877
47987
48047
48067
48107
48137
48227
48277
48297
48367
48377
48417
48427
48457
48467
48557
48607
48617
48667
48687
48697
48707
48797
48827
48887
48927
48937
48957
49027
49047
49067
49087
49097
49127
49187
49237
49327
49337
49397
49447
49467
49577
49587
49687
49737
49817
49827
49847
49857
49867
49907
49947
50017
50027
50057
50107
50167
50237
50257
50327
50437
50447
50487
50567
50597
50657
50667
50687
50717
50747
50797
50837
50907
50917
50927
50937
50987
51007
51017
51077
51167
51187
51227
51247
51267
51297
51317
51377
51397
51447
51467
51477
51497
51537
51557
51567
51587
51617
51677
51707
51737
51847
51857
51917
51937
52007
52097
52157
52187
52247
52307
52337
52357
52367
52397
52427
52447
52467
52487
52557
52607
52637
52657
52737
52777
52787
52827
52847
52907
52987
53007
53027
53107
53187
53207
53237
53257
53287
53297
53337
53347
53357
53367
53387
53417
53427
53587
53607
53627
53647
53687
53727
53767
53797
53807
53817
53827
53837
54007
54017
54077
54107
54127
54137
54177
54197
54227
54237
54247
54267
54307
54337
54357
54407
54427
54447
54557
54637
54677
54697
54707
54807
54827
54847
54857
54947
54977
54987
55007
55037
55047
55067
55087
55157
55187
55247
55277
55307
55327
55367
55397
55417
55477
55507
55577
55597
55607
55617
55637
55657
55747
55757
55767
55847
55867
55907
55947
55957
56027
56047
56107
56127
56157
56177
56227
56247
56297
56327
56387
56397
56407
56447
56517
56537
56557
56567
56587
56607
56617
56627
56657
56697
56717
56777
56837
56877
56887
56927
56947
56977
57067
57127
57167
57197
57227
57237
57297
57307
57377
57407
57417
57437
57497
57517
57547
57617
57647
57677
57767
57777
57797
57857
57867
57887
57957
57997
58017
58117
58127
58137
58187
58267
58307
58327
58397
58407
58507
58517
58547
58557
58577
58627
58647
58677
58697
58747
58837
58847
58877
58917
59047
59087
59117
59127
59147
59217
59227
59237
59257
59267
59287
59317
59327
59347
59477
59507
59537
59547
59587
59647
59667
59677
59757
59767
59807
59827
59847
59857
59867
59937
59987
60007
60027
60047
60157
60187
60227
60247
60307
60377
60387
60407
60437
60537
60547
60577
60587
60657
60747
60797
60827
60847
60857
60877
60897
60947
60967
60987
61037
61067
61097
61107
61117
61127
61147
61157
61177
61187
61197
61237
61247
61267
61277
61327
61367
61477
61517
61567
61577
61597
61647
61727
61787
61807
61817
61847
61877
61917
61957
61997
62027
62067
62077
62087
62107
62117
62227
62237
62277
62337
62367
62387
62407
62437
62447
62537
62547
62587
62607
62637
62657
62737
62747
62797
62807
62817
62837
62857
62887
62917
62957
62977
63007
63077
63107
63137
63157
63177
63187
63227
63237
63267
63287
63407
63437
63447
63517
63537
63637
63677
63707
63787
63797
63807
63817
63827
63877
63887
63947
63967
64057
64087
64097
64127
64147
64257
64267
64277
64307
64317
64367
64457
64487
64507
64517
64537
64547
64697
64707
64797
64807
64837
64847
64957
64987
65047
65057
65117
65127
65197
65207
65227
65237
65307
65347
65377
65387
65477
65487
65507
65517
65567
65597
65737
65757
65787
65797
65847
65857
65887
65917
65947
65987
66017
66127
66167
66207
66217
66227
66237
66247
66257
66277
66287
66307
66317
66327
66407
66437
66517
66527
66547
66577
66657
66667
66687
66707
66727
66737
66767
66777
66827
66847
66857
66887
66907
66917
66967
67007
67017
67037
67047
67097
67117
67127
67207
67227
67237
67287
67297
67327
67357
67367
67407
67417
67457
67517
67597
67657
67667
67697
67727
67747
67787
67827
67857
67877
67897
67997
68037
68047
68077
68117
68127
68167
68177
68197
68217
68267
68287
68297
68307
68317
68357
68387
68417
68467
68497
68557
68577
68617
68637
68677
68717
68807
68827
68837
68867
68957
68977
69017
69047
69107
69117
69137
69157
69207
69217
69227
69267
69287
69297
69307
69347
69367
69377
69397
69437
69477
69487
69517
69527
69547
69567
69607
69617
69637
69667
69717
69837
69887
69907
69917
69947
69987
70017
70027
70037
70087
70107
70127
70187
70197
70257
70267
70277
70307
70337
70347
70367
70377
70387
70427
70437
70517
70547
70597
70637
70647
70697
70727
70747
70757
70777
70787
70817
70827
70837
70927
70977
71007
71047
71087
71137
71177
71207
71227
71267
71297
71367
71427
71447
71457
71477
71507
71567
71587
71617
71627
71637
71717
71727
71737
71747
71897
71927
71957
71977
72017
72067
72087
72107
72137
72157
72197
72247
72257
72317
72347
72397
72407
72417
72487
72527
72537
72587
72607
72637
72677
72697
72717
72737
72757
72777
72787
72827
72867
72887
72957
72967
72987
73007
73027
73057
73077
73097
73187
73207
73217
73247
73257
73307
73397
73427
73457
73527
73567
73677
73717
73747
73807
73927
73937
73977
74057
74087
74107
74117
74147
74207
74227
74237
74247
74267
74387
74407
74417
74427
74447
74537
74647
74737
74767
74807
74837
74917
74927
74947
74957
74967
75007
75027
75077
75097
75187
75197
75247
75397
75427
75497
75507
75587
75637
75667
75677
75687
75697
75727
75737
75837
75847
75857
75877
75887
75907
75917
75947
75977
76027
76037
76047
76057
76087
76107
76127
76187
76197
76217
76227
76237
76247
76267
76277
76287
76297
76317
76327
76407
76417
76427
76457
76467
76517
76547
76567
76577
76637
76657
76747
76767
76787
76877
76897
76927
76987
77037
77057
77107
77117
77147
77177
77187
77207
77227
77297
77387
77397
77437
77497
77507
77627
77657
77667
77677
77707
77717
77757
77767
77807
77827
77927
77987
78077
78097
78107
78127
78187
78197
78227
78257
78297
78377
78397
78407
78527
78537
78567
78637
78647
78677
78727
78747
78757
78817
78827
78907
78917
78927
78987
79017
79027
79057
79127
79177
79197
79207
79217
79247
79257
79277
79327
79377
79447
79457
79467
79487
79517
79567
79597
79607
79637
79667
79717
79727
79787
79807
79837
79977
80007
80027
80047
80057
80097
80117
80187
80247
80267
80277
80297
80327
80357
80377
80437
80467
80477
80497
80547
80587
80617
80637
80717
80767
80807
80827
80867
80947
80957
80967
80977
80987
81007
81037
81057
81107
81127
81137
81147
81167
81177
81187
81227
81247
81287
81377
81397
81407
81427
81467
81497
81507
81537
81587
81597
81607
81717
81767
81827
81857
81867
81877
81887
81897
81957
81987
81997
82057
82087
82097
82127
82147
82247
82277
82317
82327
82347
82357
82367
82397
82427
82437
82497
82527
82537
82577
82607
82617
82627
82637
82667
82687
82697
82767
82777
82807
82857
82867
82877
82897
82927
82967
83037
83057
83067
83087
83107
83247
83327
83337
83347
83387
83487
83507
83527
83567
83587
83627
83677
83687
83707
83747
83807
83867
83897
83957
83977
84037
84057
84077
84097
84107
84117
84157
84167
84187
84277
84327
84367
84387
84477
84497
84527
84547
84557
84577
84587
84647
84687
84707
84757
84797
84867
84887
84957
84997
85047
85067
85107
85117
85127
85187
85207
85227
85307
85317
85327
85337
85357
85367
85377
85387
85397
85497
85567
85637
85677
85687
85727
85747
85777
85787
85807
85857
85867
85907
85927
85947
85957
85967
85987
85997
86047
86057
86097
86107
86147
86167
86177
86237
86267
86317
86327
86407
86417
86447
86527
86547
86557
86567
86577
86597
86687
86747
86777
86807
86847
86887
86907
86917
86937
86977
86987
86997
87007
87027
87047
87067
87077
87097
87137
87167
87197
87227
87247
87307
87347
87387
87437
87457
87467
87487
87497
87527
87577
87667
87677
87707
87727
87817
87847
87897
87937
87947
88017
88057
88087
88097
88127
88157
88187
88197
88217
88247
88267
88277
88287
88307
88437
88457
88487
88517
88527
88577
88627
88637
88717
88727
88757
88777
88787
88847
88927
88957
88967
88987
89007
89067
89147
89157
89207
89247
89267
89277
89287
89297
89347
89357
89367
89377
89407
89437
89447
89457
89467
89507
89517
89537
89587
89617
89637
89647
89677
89687
89697
89717
89737
89747
89807
89837
89857
89887
89927
90037
90047
90087
90137
90167
90177
90257
90267
90277
90317
90337
90347
90357
90367
90377
90467
90487
90557
90587
90607
90637
90707
90727
90737
90757
90767
90807
90817
90877
90967
91007
91027
91037
91067
91087
91137
91157
91167
91207
91217
91227
91247
91277
91337
91347
91447
91477
91507
91527
91537
91547
91607
91617
91627
91667
91717
91727
91747
91787
91847
91877
91897
91907
91987
92027
92047
92057
92067
92087
92117
92147
92197
92217
92257
92307
92327
92427
92437
92447
92517
92587
92607
92687
92747
92797
92827
92887
92917
92947
92977
93017
93027
93037
93057
93067
93137
93167
93197
93227
93237
93297
93317
93397
93417
93437
93467
93517
93617
93647
93677
93687
93697
93707
93727
93767
93777
93797
93817
93847
93877
93917
93927
93947
93957
94027
94037
94067
94097
94137
94157
94197
94237
94247
94277
94287
94387
94407
94417
94487
94507
94517
94567
94637
94737
94807
94817
94877
94897
94917
94937
94947
94957
94967
95007
95047
95057
95077
95137
95167
95197
95237
95307
95347
95357
95367
95397
95407
95447
95457
95537
95567
95577
95627
95637
95647
95687
95727
95777
95797
95807
95827
95837
95897
95977
95997
96027
96067
96077
96197
96207
96217
96227
96257
96277
96287
96297
96367
96467
96477
96567
96637
96657
96817
96877
96887
96917
96927
96947
96967
96977
96987
97037
97057
97067
97087
97107
97147
97207
97247
97257
97267
97287
97297
97307
97477
97487
97507
97627
97637
97667
97697
97727
97737
97757
97817
97827
97837
97877
97897
97907
97937
97957
97977
98027
98077
98117
98137
98167
98177
98237
98267
98277
98287
98357
98367
98437
98447
98537
98567
98587
98617
98647
98657
98677
98697
98727
98747
98767
98777
98817
98877
98907
98917
98957
98967
98977
98987
98997
99047
99077
99087
99167
99197
99217
99227
99287
99307
99327
99357
99427
99437
99447
99467
99507
99537
99557
99587
99637
99647
99677
99737
99757
99797
99827
99857
99887
99977
99987
100007
100027
100077
100087
100097
100127
100137
100157
100177
100187
100247
100307
100327
100337
100387
100397
100427
100437
100487
100507
100577
100627
100687
100697
100707