123
303
413
583
803
913
933
1043
1133
1173
1203
1223
1293
1313
1383
1563
1923
1963
2033
2183
2283
2463
2513
2533
2573
2643
2703
2723
2733
2823
2893
2933
3013
3043
3073
3093
3113
3183
3223
3263
3273
3353
3443
3453
3493
3543
3563
3713
3903
3953
3983
4043
4083
4183
4193
4213
4223
4233
4313
4323
4333
4353
4393
4443
4533
4573
4713
4803
4843
4883
5033
5053
5063
5123
5163
5383
5433
5533
5633
5663
5703
5723
5753
5763
5773
5793
5873
5893
5933
6023
6103
6193
6243
6303
6313
6333
6383
6423
6503
6523
6583
6593
6613
6623
6743
7003
7053
7073
7123
7133
7143
7183
7223
7233
7273
7313
7323
7343
7383
7403
7463
7473
7483
7553
7593
7663
7743
7763
7823
7863
7903
7973
8003
8063
8083
8133
8143
8153
8173
8213
8223
8333
8383
8403
8413
8453
8483
8653
8813
8823
8843
8873
8903
8953
9033
9123
9143
9193
9233
9383
9453
9493
9573
9593
9663
9713
9753
9793
9823
9853
9893
9953
9983
10063
10073
10113
10123
10183
10263
10383
10393
10423
10473
10483
10523
10543
10583
10643
10703
10743
10783
10813
10823
10913
10943
11013
11103
11153
11203
11233
11263
11283
11303
11333
11363
11413
11463
11473
11573
11623
11643
11683
11693
11703
11733
11873
11883
11893
11983
11993
12003
12023
12053
12133
12233
12273
12283
12313
12423
12523
12533
12623
12633
12643
12723
12733
12793
12803
12813
12963
13123
13153
13173
13193
13223
13233
13253
13263
13303
13343
13353
13373
13393
13403
13413
13443
13493
13543
13593
13643
13733
13783
13793
13823
13853
13943
14073
14093
14113
14123
14163
14223
14253
14263
14273
14333
14453
14483
14513
14573
14613
14693
14793
14863
14873
14943
14953
14993
15023
15063
15103
15143
15153
15163
15213
15243
15293
15503
15513
15563
15573
15593
15653
15663
15673
15693
15703
15713
15743
15753
15763
15783
15833
15853
15933
15943
16013
16043
16053
16113
16143
16153
16163
16203
16243
16283
16313
16323
16343
16413
16463
16483
16503
16583
16593
16613
16663
16723
16753
16773
16783
16793
16853
16873
16953
16973
17023
17083
17133
17193
17213
17223
17233
17273
17323
17363
17403
17413
17453
17503
17513
17533
17583
17603
17663
17693
17723
17733
17743
17813
17833
17873
17943
17993
18003
18033
18053
18113
18203
18263
18283
18293
18303
18323
18343
18373
18393
18563
18623
18663
18673
18703
18763
18853
18863
18883
18893
18923
18933
18953
19033
19043
19063
19103
19153
19193
19223
19253
19283
19473
19523
19533
19563
19633
19643
19653
19673
19693
19733
19743
19823
19883
20003
20053
20093
20103
20153
20243
20283
20303
20363
20373
20413
20423
20453
20473
20573
20623
20633
20653
20713
20733
20803
20833
20843
20893
20913
20993
21003
21043
21053
21083
21103
21133
21153
21203
21263
21293
21343
21363
21443
21453
21513
21553
21623
21633
21643
21653
21703
21743
21823
21833
21873
21883
21993
22043
22213
22313
22333
22353
22363
22403
22423
22443
22463
22493
22523
22553
22583
22603
22623
22693
22703
22733
22843
22903
22913
23073
23083
23113
23183
23213
23303
23363
23403
23423
23453
23493
23503
23513
23523
23533
23683
23703
23713
23803
23933
23943
23963
24053
24143
24233
24243
24283
24313
24323
24333
24343
24383
24393
24433
24463
24503
24513
24523
24613
24693
24773
24803
24833
24853
24873
24883
24913
25003
25063
25113
25223
25283
25433
25483
25503
25573
25613
25653
25723
25853
25963
25973
26023
26033
26043
26123
26143
26213
26223
26233
26303
26333
26363
26373
26383
26453
26483
26493
26503
26553
26563
26583
26603
26643
26653
26663
26743
26753
26773
26843
26853
26873
26963
27033
27093
27113
27123
27163
27193
27203
27263
27313
27383
27433
27443
27463
27483
27493
27503
27523
27553
27563
27623
27663
27683
27703
27713
27833
27843
27863
27923
27933
28003
28013
28023
28043
28103
28113
28213
28253
28293
28313
28363
28383
28473
28553
28563
28583
28653
28713
28733
28783
28883
28943
28973
28993
29143
29273
29353
29373
29413
29543
29553
29563
29623
29653
29693
29733
29813
29823
29893
29903
29923
29933
30023
30053
30063
30083
30183
30243
30263
30273
30283
30373
30413
30443
30453
30523
30533
30543
30563
30583
30633
30683
30743
30793
30813
30823
30833
30863
30903
30913
30993
31043
31053
31103
31133
31163
31173
31233
31243
31273
31283
31323
31343
31363
31403
31453
31463
31523
31553
31613
31633
31673
31683
31733
31803
31813
31843
31853
31893
31933
31943
31993
32043
32073
32123
32223
32243
32273
32343
32393
32473
32483
32593
32753
32853
32863
32903
32963
33043
33103
33163
33193
33233
33253
33283
33303
33313
33323
33373
33383
33443
33473
33513
33593
33643
33683
33743
33763
33783
33793
33803
33823
33833
33843
33913
33963
33983
34023
34043
34053
34073
34103
34113
34193
34223
34233
34343
34363
34373
34393
34413
34423
34433
34493
34553
34563
34633
34663
34733
34753
34793
34823
34833
34853
34863
34943
35013
35043
35063
35093
35183
35203
35213
35233
35243
35263
35273
35303
35383
35403
35413
35473
35493
35563
35663
35683
35693
35713
35723
35773
35783
35813
35833
35843
35873
35903
35943
36003
36033
36053
36093
36123
36133
36143
36173
36203
36213
36233
36253
36273
36283
36303
36323
36443
36453
36483
36503
36753
36773
36803
36843
36863
36883
36893
37043
37083
37103
37133
37163
37203
37343
37403
37453
37473
37513
37523
37543
37603
37613
37673
37703
37753
37793
37823
37833
37893
37903
37923
37943
37983
38003
38013
38023
38093
38143
38173
38213
38243
38253
38293
38353
38373
38383
38423
38433
38443
38463
38513
38573
38623
38633
38683
38733
38743
38823
38843
38863
38973
39003
39013
39063
39143
39253
39363
39423
39433
39453
39473
39523
39533
39583
39613
39643
39653
39683
39693
39713
39723
39743
39763
39773
39783
39803
39823
39833
39853
39943
39973
39993
40073
40133
40263
40303
40353
40363
40373
40453
40503
40553
40613
40633
40643
40783
40843
40863
40913
40943
41033
41063
41073
41083
41153
41163
41253
41303
41343
41353
41363
41383
41483
41523
41573
41623
41663
41673
41703
41723
41753
41793
41803
41833
41873
41933
41963
42053
42153
42163
42203
42233
42243
42303
42343
42353
42383
42493
42503
42523
42553
42563
42593
42623
42733
42763
42803
42893
42933
42963
42983
43073
43123
43163
43233
43303
43333
43373
43393
43423
43523
43643
43663
43683
43703
43723
43733
43763
43773
43813
43823
43843
43863
43883
44003
44013
44033
44063
44083
44093
44113
44153
44213
44223
44283
44313
44333
44393
44423
44493
44503
44643
44653
44663
44673
44723
44743
44803
44833
44853
44903
44923
44993
45043
45073
45113
45143
45173
45203
45223
45303
45383
45393
45463
45473
45483
45563
45653
45683
45703
45713
45743
45773
45803
45883
45923
45983
46003
46123
46193
46203
46223
46243
46253
46283
46333
46363
46373
46383
46393
46493
46563
46603
46613
46653
46673
46713
46733
46743
46763
46783
46823
46843
46873
46883
46913
46923
46963
46973
47003
47013
47023
47033
47063
47083
47113
47153
47173
47183
47193
47203
47213
47283
47373
47393
47423
47443
47453
47483
47603
47613
47643
47693
47723
47803
47813
47863
47883
47893
47913
47953
47993
48003
48043
48083
48103
48113
48143
48173
48183
48233
48273
48293
48403
48493
48553
48643
48683
48703
48743
48803
48833
48863
48873
48893
48903
48913
48943
49013
49053
49073
49083
49093
49133
49163
49183
49213
49263
49273
49283
49303
49323
49353
49373
49403
49423
49443
49453
49483
49493
49503
49513
49553
49573
49643
49673
49703
49723
49753
49763
49773
49863
49883
49893
49903
49933
49963
49983
50063
50073
50113
50133
50173
50183
50213
50243
50303
50413
50433
50473
50483
50533
50563
50603
50613
50633
50663
50703
50783
50793
50803
50843
50863
50903
50983
51013
51053
51063
51083
51113
51143
51233
51253
51323
51373
51403
51433
51443
51463
51553
51583
51663
51693
51703
51733
51743
51763
51773
51823
51843
51873
51923
51953
51963
51983
52013
52043
52053
52063
52123
52133
52213
52243
52333
52343
52403
52413
52423
52463
52493
52523
52573
52603
52613
52643
52663
52693
52703
52723
52763
52823
52843
52853
52913
52943
52993
53013
53023
53043
53183
53203
53213
53243
53273
53293
53303
53333
53393
53413
53423
53443
53463
53473
53513
53543
53563
53663
53673
53683
53723
53763
53803
53893
53903
53933
53943
53963
54003
54023
54053
54073
54103
54123
54143
54203
54253
54263
54313
54373
54383
54393
54463
54533
54553
54573
54593
54643
54683
54743
54753
54763
54803
54863
54883
54893
54923
54933
54943
54953
54993
55023
55033
55093
55113
55123
55153
55173
55193
55203
55253
55283
55303
55363
55383
55403
55433
55453
55463
55493
55533
55563
55643
55703
55753
55883
55963
55973
56013
56103
56143
56183
56193
56213
56243
56253
56273
56293
56353
56363
56413
56423
56483
56513
56523
56613
56623
56683
56703
56733
56743
56753
56793
56863
57003
57063
57083
57093
57103
57253
57353
57363
57403
57433
57543
57563
57613
57623
57633
57683
57763
57823
57833
57863
57873
57883
57903
57913
57983
58003
58063
58123
58173
58183
58263
58273
58283
58303
58343
58373
58483
58523
58553
58583
58623
58633
58663
58703
58713
58723
58783
58793
58813
58823
58903
58933
58983
59133
59173
59213
59253
59303
59313
59323
59413
59423
59483
59523
59573
59593
59603
59713
59763
59773
59783
59843
59853
59873
59883
59893
59903
59933
59953
59963
59973
60023
60043
60053
60063
60073
60113
60143
60153
60173
60193
60253
60263
60283
60313
60323
60393
60403
60463
60473
60503
60523
60533
60553
60603
60683
60693
60713
60783
60803
60823
60833
60843
60883
60893
60983
61003
61033
61063
61073
61123
61193
61203
61213
61233
61273
61303
61313
61323
61433
61573
61733
61763
61783
61793
61823
61853
61873
61883
61913
61973
61993
62043
62093
62113
62153
62173
62183
62243
62293
62313
62333
62353
62373
62393
62443
62463
62503
62513
62543
62553
62593
62623
62733
62763
62783
62803
62813
62863
62943
62963
62993
63023
63033
63053
63083
63143
63203
63223
63263
63293
63303
63323
63343
63373
63383
63523
63543
63563
63573
63593
63623
63653
63663
63683
63723
63923
63943
63953
63983
63993
64003
64023
64073
64093
64103
64133
64193
64203
64243
64253
64273
64363
64423
64463
64473
64563
64673
64723
64733
64833
64903
64913
64933
64943
64963
64973
65083
65103
65153
65233
65243
65273
65333
65343
65363
65433
65463
65483
65503
65553
65623
65643
65663
65683
65693
65723
65733
65743
65753
65873
65893
65903
65933
65953
66013
66023
66043
66053
66073
66093
66163
66193
66203
66223
66233
66243
66273
66283
66323
66443
66473
66503
66563
66583
66623
66743
66773
66783
66793
66813
66823
66893
67013
67133
67163
67173
67223
67243
67313
67403
67413
67423
67443
67483
67533
67543
67553
67573
67583
67623
67633
67643
67703
67713
67753
67793
67813
67903
67973
68003
68033
68063
68073
68163
68173
68183
68203
68233
68243
68253
68263
68273
68293
68303
68323
68353
68363
68383
68393
68423
68433
68513
68533
68573
68613
68693
68703
68723
68753
68773
68843
68853
68873
68883
68893
68933
68983
69023
69053
69063
69103
69133
69243
69323
69343
69353
69443
69503
69513
69523
69533
69553
69563
69583
69603
69613
69643
69663
69683
69703
69733
69743
69773
69793
69853
69863
69873
69883
69913
69943
69953
69963
69973
69983
70023
70033
70043
70063
70073
70093
70213
70243
70283
70363
70383
70403
70453
70463
70483
70513
70523
70553
70593
70603
70613
70653
70683
70723
70923
70933
70943
70963
70973
71053
71063
71083
71103
71113
71123
71183
71203
71223
71243
71273
71323
71403
71493
71513
71543
71573
71623
71723
71803
71813
71823
71833
71893
71923
71943
72023
72083
72113
72133
72143
72193
72203
72213
72233
72263
72323
72403
72413
72463
72553
72563
72583
72653
72713
72743
72753
72773
72793
72803
72833
72843
72983
72993
73003
73033
73083
73093
73103
73113
73123
73163
73183
73193
73223
73273
73313
73343
73403
73463
73493
73543
73653
73733
73753
73763
73793
73833
73903
73913
73933
73993
74013
74033
74123
74153
74163
74213
74243
74253
74393
74423
74463
74473
74483
74513
74553
74603
74683
74723
74743
74773
74783
74793
74813
74833
74863
74913
74953
74963
74983
74993
75023
75053
75063
75093
75103
75113
75143
75163
75203
75233
75263
75283
75363
75373
75413
75443
75463
75473
75493
75563
75593
75613
75623
75643
75693
75713
75763
75863
75893
75903
75953
76013
76093
76133
76143
76173
76193
76223
76393
76513
76523
76553
76573
76583
76613
76623
76633
76803
76813
76823
76843
76853
76903
76933
77033
77053
77063
77113
77123
77143
77183
77303
77333
77413
77443
77473
77483
77523
77533
77583
77593
77633
77663
77673
77683
77793
77873
77903
77923
77963
77993
78023
78043
78053
78063
78073
78103
78133
78223
78263
78293
78323
78333
78343
78383
78413
78423
78433
78443
78463
78473
78503
78513
78523
78563
78613
78763
78773
78783
78863
78883
78933
78943
78953
78963
78983
79033
79073
79123
79183
79203
79223
79253
79303
79343
79383
79403
79463
79473
79503
79523
79543
79563
79603
79643
79673
79683
79703
79753
79773
79783
79793
79853
79913
79963
79993
80003
80013
80033
80043
80123
80133
80183
80203
80243
80293
80303
80393
80403
80413
80423
80453
80483
80533
80553
80563
80573
80583
80593
80623
80633
80653
80663
80673
80693
80723
80733
80743
80753
80763
80773
80813
80843
80853
80873
80893
80903
80943
81033
81113
81383
81413
81443
81493
81503
81573
81583
81623
81643
81713
81743
81763
81793
81803
81823
81843
81863
81893
81903
81913
81923
81983
82043
82063
82093
82103
82133
82253
82273
82283
82293
82313
82333
82343
82363
82403
82453
82543
82583
82653
82673
82693
82703
82743
82753
82833
82843
82873
82933
82993
83033
83103
83113
83173
83183
83263
83283
83303
83323
83363
83373
83393
83413
83453
83473
83483
83533
83543
83553
83573
83593
83613
83623
83633
83683
83713
83723
83783
83803
83823
83963
83973
84003
84013
84023
84043
84073
84083
84093
84103
84173
84193
84203
84233
84283
84343
84353
84373
84383
84403
84413
84423
84433
84453
84543
84563
84583
84613
84633
84643
84683
84703
84733
84743
84763
84773
84783
84803
84833
84853
84863
84893
84923
84943
85003
85013
85043
85123
85143
85153
85163
85253
85273
85283
85343
85393
85403
85413
85423
85433
85493
85503
85543
85553
85623
85633
85663
85673
85693
85713
85723
85753
85763
85783
85873
85883
85893
85913
85973
85983
86003
86023
86033
86053
86063
86153
86213
86253
86303
86333
86363
86383
86393
86403
86483
86493
86543
86563
86613
86653
86663
86673
86683
86703
86713
86773
86803
86833
86873
86883
86893
86933
86983
87023
87053
87063
87113
87163
87173
87193
87203
87233
87263
87353
87463
87593
87603
87693
87713
87733
87773
87863
87883
87923
87983
88013
88043
88063
88073
88113
88123
88153
88213
88233
88243
88283
88303
88313
88333
88363
88373
88383
88393
88433
88483
88503
88553
88563
88593
88603
88613
88653
88673
88703
88733
88763
88783
88823
88943
88973
89023
89173
89183
89223
89323
89333
89353
89423
89453
89463
89473
89483
89543
89573
89593
89663
89693
89743
89763
89773
89843
89873
89933
89993
90033
90043
90093
90133
90143
90183
90213
90223
90253
90283
90293
90323
90413
90433
90443
90453
90463
90493
90563
90623
90643
90653
90673
90713
90733
90743
90883
90893
90953
90983
91013
91023
91043
91063
91093
91123
91213
91223
91263
91293
91313
91473
91523
91603
91643
91663
91763
91783
91793
91803
91843
91853
91883
91913
91993
92013
92023
92073
92123
92263
92303
92423
92483
92533
92543
92553
92563
92573
92603
92633
92643
92653
92663
92733
92823
92843
92873
92903
92913
92933
92973
92983
93023
93043
93073
93143
93163
93173
93273
93293
93333
93343
93363
93373
93413
93453
93543
93623
93643
93653
93713
93733
93743
93803
93813
93823
93833
93883
93953
93973
94003
94013
94053
94073
94093
94103
94123
94173
94193
94223
94233
94303
94313
94323
94363
94373
94443
94493
94533
94553
94623
94633
94703
94733
94753
94763
94783
94803
94813
94843
94853
94883
94973
95023
95053
95113
95163
95183
95253
95293
95303
95323
95333
95363
95423
95533
95573
95623
95653
95663
95683
95743
95763
95833
95853
95863
95973
95993
96023
96083
96103
96113
96133
96143
96153
96173
96203
96283
96303
96313
96373
96413
96423
96483
96503
96523
96533
96563
96583
96593
96613
96623
96653
96683
96743
96783
96793
96803
96853
96863
96913
96963
96983
97013
97043
97053
97133
97143
97153
97183
97193
97233
97323
97333
97403
97493
97563
97573
97593
97603
97683
97703
97733
97753
97793
97823
97863
97913
97963
97993
98003
98023
98063
98083
98093
98103
98153
98183
98193
98233
98243
98303
98313
98333
98353
98383
98403
98423
98493
98503
98593
98603
98643
98653
98683
98723
98743
98783
98803
98843
98863
99043
99113
99143
99163
99213
99283
99293
99313
99343
99363
99403
99413
99443
99483
99503
99533
99573
99653
99703
99743
99773
99863
99933
99943
99973
99983
100013
100033
100063
100123
100133
100253
100273
100353
100383
100423
100433
100513
100543
100563
100583
100643
100713
100723
100743
100753
100783
100873
100883
100903
100923
100933
100963
100993
101033
101053
101083
101123
101233
101243
101263
101303
101373
101393
101423
101443
101553
101563
101713
101733
101743
101783
101823
101843
101903
101983
101993
102073
102093
102143
102153
102183
102193
102223
102243
102343
102353
102373
102403
102413
102473
102553
102603
102623
102633
102683
102703
102713
102733
102743
102773
102803
102833
102863
102873
102893
102903
102923
103013
103033
103063
103073
103083
103103
103133
103163
103193
103223
103253
103263
103283
103303
103313
103343
103363
103373
103433
103453
103463
103513
103523
103533
103543
103633
103673
103763
103793
103853
103863
103893
103943
104063
104093
104153
104163
104203
104293
104303
104333
104343
104363
104453
104503
104523
104563
104583
104603
104613
104633
104763
104783
104813
104863
104883
104893
104903
105013
105043
105073
105113
105153
105213
105233
105243
105293
105313
105333
105383
105423
105433
105443
105463
105473
105513
105583
105593
105603
105643
105713
105793
105803
105823
105853
105873
105893
105923
105973
106003
106023
106053
106073
106133
106143
106223
106293
106333
106343
106393
106403
106423
106463
106493
106523
106553
106573
106593
106633
106643
106763
106773
106793
106813
106833
106873
106883
106943
107003
107063
107083
107093
107113
107143
107153
107173
107233
107283
107293
107303
107313
107333
107393
107403
107413
107443
107463
107483
107493
107533
107573
107593
107623
107633
107643
107683
107723
107743
107753
107783
107813
107853
107933
107963
107993
108033
108043
108073
108083
108093
108133
108163
108283
108313
108383
108393
108443
108473
108483
108523
108563
108573
108583
108613
108623
108653
108673
108683
108713
108733
108743
108753
108763
108833
108853
108913
108973
108993
109003
109023
109033
109163
109183
109223
109243
109273
109283
109333
109393
109403
109483
109493
109523
109533
109543
109553
109603
109643
109653
109703
109723
109753
109803
109853
109933
109973
109993
110003
110013
110053
110093
110153
110173
110203
110213
110243
110263
110283
110303
110333
110373
110393
110413
110423
110443
110453
110463
110513
110633
110653
110663
110693
110713
110723
110743
110783
110803
110833
110843
110883
110963
110973
111013
111023
111073
111133
111163
111173
111183
111193
111203
111223
111243
111283
111313
111353
111383
111403
111463
111473
111523
111543
111563
111583
111613
111673
111703
111713
111743
111793
111803
111883
111923
111983
112003
112013
112033
112043
112053
112073
112083
112093
112133
112183
112193
112243
112313
112343
112373
112453
112483
112493
112513
112523
112533
112613
112673
112693
112703
112713
112733
112793
112813
112823
112853
112863
112883
112933
112943
112953
112963
112973
113003
113053
113073
113203
113263
113273
113313
113333
113343
113353
113393
113423
113433
113443
113473
113483
113543
113573
113593
113603
113613
113633
113663
113713
113753
113773
113803
113833
113863
113953
113973
114053
114163
114213
114223
114233
114263
114293
114313
114353
114383
114393
114403
114443
114463
114503
114533
114563
114603
114623
114683
114693
114703
114753
114763
114783
114803
114863
114893
114923
114943
114953
114963
114983
115023
115043
115053
115093
115203
115243
115253
115273
115373
115403
115433
115453
115463
115483
115503
115543
115573
115583
115633
115643
115673
115683
115723
115743
115813
115923
115953
116063
116093
116133
116153
116173
116183
116203
116213
116233
116283
116303
116323
116363
116393
116413
116453
116503
116543
116563
116573
116583
116643
116673
116693
116713
116723
116733
116743
116753
116763
116783
116813
116863
116893
117083
117093
117103
117123
117143
117233
117263
117283
117293
117323
117383
117463
117473
117483
117493
117523
117553
117573
117583
117593
117633
117683
117743
117753
117813
117823
117853
117893
117923
117953
117983
118003
118013
118023
118063
118073
118103
118113
118133
118153
118173
118183
118193
118223
118283
118303
118383
118393
118403
118473
118483
118513
118523
118553
118563
118643
118653
118663
118733
118743
118753
118793
118823
118853
118883
118963
118983
119003
119013
119023
119053
119093
119113
119123
119203
119213
119263
119283
119303
119373
119383
119393
119423
119433
119443
119453
119463
119473
119543
119573
119593
119603
119683
119693
119713
119753
119803
119843
119863
119873
119883
119893
119913
119933
120023
120053
120073
120093
120113
120173
120203
120243
120313
120323
120343
120353
120403
120433
120453
120493
120553
120673
120703
120723
120733
120743
120803
120853
120923
120953
120973
120983
121003
121033
121043
121083
121093
121103
121143
121183
121213
121223
121243
121433
121483
121503
121513
121573
121583
121603
121613
121643
121683
121703
121733
121783
121823
121903
121913
121933
121943
121973
122023
122043
122063
122093
122113
122123
122133
122143
122223
122233
122243
122253
122303
122413
122423
122483
122523
122543
122583
122603
122623
122633
122773
122813
122873
122883
122903
122923
122933
122943
122993
123043
123053
123073
123103
123133
123153
123223
123233
123243
123263
123293
123303
123313
123343
123413
123423
123463
123473
123523
123563
123573
123603
123613
123643
123693
123763
123793
123893
123943
124003
124043
124053
124063
124093
124103
124113
124143
124163
124233
124243
124253
124273
124283
124393
124403
124423
124453
124463
124483
124523
124573
124583
124603
124613
124663
124723
124733
124843
124863
124873
124913
124933
124953
124963
124973
125083
125193
125203
125213
125273
125313
125323
125363
125403
125413
125483
125503
125533
125573
125603
125623
125633
125653
125663
125713
125723
125773
125833
125843
125873
125893
125923
125943
126053
126083
126093
126103
126213
126263
126283
126303
126313
126343
126353
126383
126393
126403
126413
126533
126553
126563
126593
126663
126723
126773
126793
126803
126813
126833
126843
126853
126863
126953
127003
127013
127043
127063
127183
127213
127223
127263
127283
127333
127383
127393
127443
127473
127483
127523
127543
127553
127573
127613
127693
127783
127793
127833
127853
127883
127893
127903
127923
127943
127963
127993
128003
128023
128073
128083
128103
128123
128183
128243
128263
128293
128303
128343
128363
128423
128443
128463
128503
128513
128533
128543
128573
128593
128633
128653
128733
128743
128753
128773
128783
128803
128963
129063
129103
129143
129163
129173
129203
129233
129323
129373
129383
129413
129433
129453
129463
129503
129513
129563
129583
129613
129653
129693
129713
129743
129773
129813
129863
129913
129923
129943
129973
129983
129993
130033
130093
130133
130163
130173
130213
130313
130353
130373
130393
130403
130413
130443
130453
130463
130493
130503
130543
130583
130593
130603
130613
130623
130673
130703
130713
130723
130753
130763
130793
130813
130823
130883
130903
130943
130983
130993
131003
131073
131083
131093
131123
131153
131163
131183
131233
131243
131263
131273
131323
131333
131343
131353
131483
131503
131513
131583
131603
131623
131633
131683
131693
131723
131753
131763
131843
131863
131873
131883
131903
131953
131963
131973
131983
131993
132033
132043
132063
132083
132143
132163
132223
132293
132323
132333
132343
132353
132413
132433
132443
132473
132493
132513
132563
132583
132593
132603
132683
132703
132713
132743
132773
132803
132823
132853
132883
132943
132973
132983
133053
133093
133123
133143
133193
133223
133243
133313
133333
133373
133383
133423
133433
133503
133513
133553
133573
133593
133613
133643
133663
133703
133753
133793
133823
133863
133883
133913
133933
133943
133953
134003
134063
134133
134143
134173
134193
134203
134223
134233
134283
134303
134313
134323
134373
134383
134423
134453
134473
134483
134533
134543
134563
134623
134663
134713
134723
134743
134773
134783
134803
134813
134833
134843
134893
134903
134983
135003
135023
135053
135083
135103
135133
135143
135163
135203
135233
135263
135293
135313
135323
135343
135383
135393
135413
135443
135483
135503
135523
135553
135563
135573
135633
135653
135683
135703
135763
135803
135813
135823
135833
135843
135863
135903
135943
135973
136003
136023
136063
136103
136183
136243
136263
136283
136313
136433
136473
136543
136553
136583
136613
136663
136703
136723
136763
136853
136923
136933
137023
137063
137113
137123
137173
137203
137213
137263
137293
137323
137333
137343
137463
137473
137503
137513
137533
137603
137693
137703
137753
137773
137783
137793
137813
137843
137913
137963
138013
138023
138083
138133
138173
138183
138203
138223
138253
138273
138293
138313
138343
138353
138383
138413
138463
138473
138543
138583
138593
