5 29 73
5 17 29
5 13 17
15 47 89
35 647 7549
35 443 3877
65 4289 139393
65 257 5569
65 193 3137
65 193 449
65 193 257
85 673 19069
85 97 2749
85 113 1373
85 197 1289
85 29 113
85 257 509
95 29 919
95 4889 51607
95 29 163
115 229 8779
115 97 859
115 859 3529
145 7057 511633
145 10657 515089
145 73 3529
145 577 1009
145 127 199
185 89 8233
185 1289 59617
185 9109 129629
185 1289 13249
185 139 599
185 1657 6257
185 1289 1657
235 157 859
235 2683 10009
265 313 10369
265 73 313
265 15137 50777
335 7349 63127
365 677 20593
415 3313 152767
445 97 14389
455 69463 7901417
455 919 104537
455 103 11717
455 222007 2970977
455 359 1993
455 139 653
455 503 769
455 58567 83537
485 1453 100673
485 109 1889
515 149 25579
515 1129 11867
545 433 4817
545 1217 2017
545 75617 96289
565 2269 640993
565 157 2689
565 1697 3389
595 90289 4132459
595 433 19819
595 1783 22573
595 19 73
595 199 397
595 5953 8923
595 69499 90289
635 1459 9857
665 1993 331337
665 2729 106753
665 73 593
665 53 397
665 1993 2657
685 3877 14593
695 172807 2309633
745 55057 594457
745 16369 27529
785 1009 23297
795 644729 30150563
805 3229 1299673
805 193 1453
805 8053 12073
865 4969 477577
985 313 102769
985 24109 255349
1105 1222129 675226273
1105 17713 9786433
1105 433 239233
1105 193 71089
1105 53233 14705617
1105 97 15313
1105 4969 189337
1105 97 3697
1105 1489 8353
1105 97 337
1105 577 1777
1105 433 769
1105 23209 30937
1105 337 433
1135 54919 69337
1145 9257 883273
1145 12637 46229
1165 2437 53569
1235 1559777 66424987
1235 138209 1565947
1235 23 37
1295 210923 30349477
1335 450893 35408363
1335 4007 8009
1385 2797 297989
1385 313 22817
1415 659 1429
1465 40993 3160777
1495 746503 279005497
1495 5689 11863
1585 2627857 56285857
1585 523 2143
1615 2089 2887
1745 5233 415073
1765 3529 2076229
1765 433 2557
1765 5297 10589
1795 5227 670177
1855 79 36637
1855 1237 48823
1855 619 1237
1885 5653 1331989
1885 277 21757
1885 7669 451753
1885 113 2069
1885 12853 94273
1885 3697 12037
1895 4007 70309
1945 7993 293329
1955 3876737 261345547
1955 7817 64483
1985 7489 3716417
2045 605609 42705877
2045 1877 119953
2045 4937 23869
2045 69497 263677
2045 449 1429
2185 52489 57344233
2185 2549 428429
2185 6553 96097
2185 313 1249
2195 5227 27449
2245 3853 4324993
2245 114649 85795669
2285 43397 164449
2315 7717 11579
2345 9433 1701569
2345 7129 50969
2345 89 193
2405 9697 1227437
2405 16829 331753
2405 12809 38653
2405 109 257
2465 113 92849
2465 7393 4555937
2465 673 236993
2465 554849 113975233
2465 3697 701009
2465 9857 1278817
2465 17417 1866649
2465 449 40993
2465 15569 1037233
2465 325249 18645089
2465 7393 105953
2465 1709 19237
2465 1409 11617
2465 673 5153
2465 9857 46817
2465 673 3137
2465 449 2017
2465 105953 325249
2465 113 337
2465 449 673
2465 7393 9857
2545 33529 342697
2545 13463 45263
2555 1856759 13439149
2755 843643 1162118233
2755 38557 35408179
2755 163 149689
2755 187273 15634459
2755 151579 8030773
2755 2590597 106523803
2755 38557 823447
2755 919 12853
2755 163 2269
2755 60733 270307
2755 37 127
2755 75979 209953
2765 56663 6811879
2765 185189 257053
2795 67 46817
2795 61667 21544909
2795 67 9857
2795 67 617
2795 137 379
2905 1129 364417
2905 1453 4357
2965 829 1228993
2965 48337 47773069
2995 7489 29947
3035 8969 18787
3055 19753 254623
3055 30553 45823
3085 6569 101837
3085 23593 85933
3115 149 1607
3115 11235313 70989859
3115 67843 323137
3115 31153 46723
3145 9433 14833393
3145 457 159697
3145 9433 2119057
3145 97 16057
3145 433 59209
3145 38329 2460097
3145 9433 44017
3145 10889 14897
3145 6553 6577
3235 69259 130873
3295 53299 66853
3335 743 619477
3395 619 525377
3515 73 19739
3585 12855809 23044037633
3605 73883 88782739
3605 137 54877
3605 5407 52259
3605 137 613
3655 6679 12205873
3655 6683167 8142325129
3655 215587 262656829
3655 2230159 1164461593
3655 32887 15025249
3655 1695457 108717463
3655 226549 4381147
3655 19489 305719
3655 208279 1695457
3655 8233 28687
3655 53299 85933
3655 2507863 3634513
3655 71023 83497
3665 59999 73298779
3785 333433 315510977
3785 26489 4359169
3785 5237 861829
3785 26489 68113
3835 13633 1413043
3835 420037 14778367
3835 83 233
3835 1459 3457
3865 2215177 57849049
3935 15737 35407
3995 277 887
4085 113 3229
4135 1249 573847
4145 7489 463313
4255 1054993 21478447
4255 1123 20509
4295 55823 5101273
4355 1728539 627315613
4385 1097 23017
4505 353 937
4685 84313 30385109
4745 104369 70747273
4745 1429 7013
4745 13918897 58811369
4765 5209 2757877
4795 12547 30081433
4795 81737 30148379
4795 409 115363
4795 307 33457
4795 8273 99923
4795 307633 1192483
4795 307 409
4865 7937 19306753
4865 46399 11880587
4945 113 139697
4945 229 1429
5035 16747 154153
5045 1958237 4939652833
5045 87517 110380817
5215 223 581473
5245 9013 3939433
5245 19913 66653
5365 28788589 77225389993
5365 1789 4798993
5365 109 292393
5365 236017 422077069
5365 10729 19187029
5365 10729 8223013
5365 1789 218137
5365 239 1559
5365 1299877 5920069
5365 10729 37549
5365 6229 12889
5365 123373 225289
5395 1312657 3295387
5465 43753 59777537
5495 3840307 217551413
5495 1044397 2496287
5605 349 997
5615 2069 7159
5645 1993 109229
5695 859 1630669
5695 463 878929
5695 1275457 56307967
5695 439 1753
5705 80777 230416393
5785 33472009 96817786033
5785 11617 2921929
5785 35509 1544509
5785 11537153 335389097
5785 6113689 63496753
5845 485053 59065309
6095 39056447 758117977
6205 12409 25665949
6205 1789 209449
6205 38953 842173
6205 1453 9769
6205 114493 644089
6205 12409 55837
6205 2069 8273
6205 30889717 51071329
6205 241393 368293
6235 480019 1496459233
6235 127 34429
6235 3433 375523
6245 2179 47087
6305 2657 5584129
6305 1217 2557729
6305 19901729 13942266817
6305 68449 3853313
6305 302593 15022433
6305 353 10753
6305 876257 15053953
6305 47242177 250514657
6305 193 353
6305 7148737 7306337
6365 1999 1817663
6365 25457 7044949
6365 613 617
6635 1421603 1179041989
6645 3323 960059
6695 1365577 247095623
6715 313 14107
6755 8273 4298779
6755 2069 24223
6815 23283439 8351401937
6935 48539 3619549
6955 14947 200689
6965 9397 798173
7085 1493 5288953
7085 1013 36433
7085 9109 301577
7085 1013 9109
7085 113 757
7085 37997 142969
7085 199 419
7085 11428517 19242169
7345 193393 710235793
7345 36073 88318729
7345 2377 5819689
7345 1058257 1943224417
7345 2857 1104457
7345 3313 640369
7345 137 953
7345 433 2593
7345 2857 7753
7345 4783699 11419003
7345 449 977
7345 193 337
7345 405553 490417
7495 44983 168573793
7505 269 672949
7505 2093617 561164129
7505 11257 86297
7565 166409 419628029
7565 15137 38170469
7565 4357 568289
7565 1613 2729
7685 4217 10802549
7685 4277729 18479117
7685 19949 66977
7705 6597193 25415686033
7705 184969 712593073
7705 73 62497
7705 3305017 1497950353
7705 63559 28807183
7705 187393 14018089
7705 50077 2230309
7705 1228789 16074397
7705 8017 63097
7705 23117 46229
7735 10313 822383
7735 68554177 469678087
7765 23293 5652193
7805 60925829 237763047673
7805 31357 7198277
7955 63981977 5718838507
7955 83 5413
7955 7588117 23774507
7955 1117579 1566857
7985 9556849 193683857
8015 2053 85259
8155 2560357 2319967927
8155 81553 122323
8245 27073 8267293
8245 19489 107197
8245 7057 24877
8285 3624469 1072454489
8395 17820463 1542296773
8465 30269 2878957
8645 74744669 323083831753
8645 34589 149510953
8645 1117 2414117
8645 4339289 15636997
8645 1594819 1655327
8695 8401303 36524664793
8695 37810207 109586583289
8695 25209703 54799591897
8695 967 1051009
8695 147799 142790257
8695 60859 40705309
8695 3313 1694503
8695 829 313399
8695 4969 53407
8695 89839 915769
8695 17389 147799
8695 2243053 6146659
8695 967 1933
8695 379 757
8695 139 277
8695 11593 20287
8695 17389 26083
8895 79263329 41473371263
8905 5665489 16817059849
8905 2969 6609737
8905 53773 8400853
8905 217849 11278753
8905 2969 100913
8905 433 11113
8905 204793 3632833
8905 59929 492769
8905 1303 2143
9035 5813 20287
9085 41277697 125002625749
9085 1429 2113
9215 103 137
9265 2769937 6415866577
9265 2593 1044529
9265 143593 13715353
9265 61129 613609
9415 317 4283
9605 17837 85662193
9605 235397 753662729
9605 33629 107668849
9605 1013 1081097
9605 653 522673
9605 1373 49393
9605 2549 74873
9605 35449 651029
9605 617 9829
9605 511757 4055633
9605 17837 120737
9605 3389 14449
9605 2437 8009
9605 783413 1835737
9685 12457 40215349
9685 19429 6488617
9795 27059 149069
9805 39229 192320173
9805 10837 53128393
9805 3877 9503497
9805 281737 120105709
9805 79 33679
9805 59029 17538769
9805 8893 211129
9805 2053 7297
9805 978337 1321477
9905 8185657 6236840969
9985 13417 15289
9995 234803 993169
10005 4637 5799149
10105 73 409
10105 187129 344497
10145 83689 3000089
10235 15137 42227
10235 30707 61409
10235 9456217 9589259
10345 405817 639577
10355 96527 20398717
10355 163 17957
10355 163433 8954227
10355 683 36457
10465 84913 5963857
10465 115334209 2166916513
10585 5335849 28239980833
10585 592873 3137780353
10585 3529 18677233
10585 56031697 197698504249
10585 109 384589
10585 3529 9338617
10585 113 92009
10585 2290033 1425882313
10585 70309 43777693
10585 16759 10434943
10585 697033 409894129
10585 66529 37063657
10585 163 19387
10585 2693377 276790249
10585 8133049 497620369
10585 97 4297
10585 553897 23641129
10585 2047627 87044707
10585 12750193 525139273
10585 243433 8128513
10585 12853 96013
10585 3823 15583
10585 238897 727273
10585 757 2269
10585 3529 7057
10585 1880929 2136457
10585 799093 904933
10595 113271049 12372234683
10735 38424143 103120793777
10735 64513 40738063
10735 117140143 7064603569
10735 640463 2948273
10745 38495753 103409216497
10745 32233 86585897
10795 43177 16072267
10795 20983537 260664307
10795 10177 39619
10795 32719 109453
10795 547 1009
10795 30363523 53883649
10915 371179 2025709393
10955 142403 22609057
11155 547 2033929
11155 368743 216490957
11155 375607 18457693
11155 859 27457
11155 859 13729
11155 470317 1694023
11305 3769 21304273
11305 11620513 43789966489
11305 74017 278920729
11305 5653 21302389
11305 3169 11941849
11305 37 139429
11305 6373 3132469
11305 577 283609
11305 14265649 3042889849
11305 91033 13907137
11305 91297 9645913
11305 92153 4868177
11305 577 21529
11305 67564009 1176904657
11305 1657 10513
11305 18289 108649
11305 1657 3889
11305 1297 2953
11305 3769 7537
11365 159097 602712469
11455 1327 410833
11455 103087 160357
11455 114553 171823
11485 91873 351720469
11635 1303 4957
11815 727 87649
11845 55837 330694633
11845 13537 53448589
11845 297793 28677709
12065 456353 2752949473
12065 353 2129473
12065 84449 59933953
12065 1093 35933
12065 3776033 32681377
12065 353 577
12085 195697 560029
12215 7487 45726853
12355 123553 185323
12395 1636009 1559871659
12455 4010189 484921399
12535 75253 134756623
12545 257 1612033
12545 52471553 164563908097
12545 37633 118026497
12545 769 2411777
12545 449 170689
12545 9787 3318323
12545 2017 683873
12545 3851009 1150259713
12545 50177 14638849
12545 3137 837313
12545 3137 442177
12545 37633 4867073
12545 883 101627
12545 14593 543233
12545 2251649 74530177
12545 24645377 255940609
12545 5153 40993
12545 257 769
12545 956929 1797377
12545 271226369 374852353
12545 37633 50177
12545 1161217 1206017
12545 9685537 9989729
12685 1065709 6759259333
12745 497017 791810209
12805 115237 50883097
12805 38677 5692633
12805 389 19013
12805 25873 633469
12805 1317229 2358049
12805 72823 81307
12845 60763 1777907
12845 207533353 804638069
12845 11597 28549
12935 167327159 1082188400833
12935 971389 94473059
13015 4483 589357
13165 368593 210979429
13235 92639 238213
13345 46577233 1007411953
13345 102793 362233
13345 1040833 2228449
13345 769 1249
13345 3366859 4130803
13505 577 1948097
13505 193 372353
13505 35449 25196777
13505 865729 531439553
13505 850753 21120257
13505 35449 737657
13505 418177 926273
13505 4289 6529
13505 110570753 135026497
13615 8537 33623
13685 222113 2083357
13685 345533 478897
14065 42193 296722273
14065 169009 125111137
14065 3529 1056073
14065 1009 159457
14065 4729 558937
14065 42193 4331713
14065 28729 1351417
14065 1486097 40429313
14065 193 337
14155 123439 502237
14195 6343 7853
14285 7306267 2820811463
14295 204361319 1460672527553
14315 4766563 17058337337
14315 1973 409327
14315 36901493 458148199
14315 443 3673
14315 1973 7039
14405 7757 13967449
14405 1915733 13222873
14495 201640529 219279727
14605 6277 2350657
14605 27148837 1485051553
14665 457 2233969
14705 632273 1279249
14885 733 1558673
14885 10709 135433
14885 733 977
14915 222472139 1659085976593
14915 1009 21227
14915 52005119 129125413
14935 112438087 13652543329
15145 13614457 1494137329
15155 1889 32059
15195 30449 15954227
15295 1087 6337
15335 7453447 24879977
15355 1009 72739
15355 109 199
15365 877 4793
15485 7057 1060949
15485 317 5689
15485 45564989 137969077
15505 92413 1784389
15505 70177 922897
15505 61612897 114559057
15535 613 3174319
15535 2143 114013
15535 5179 176053
15695 2927 22969633
15695 827 4326589
15695 2088367 4682417153
15695 1583 2070433
15695 4789 2031443
15695 827 133813
15695 15584143 1267321889
15695 204023 9228073
15695 1076237 34543027
15695 19601807 567620593
15695 827 14869
15695 3214877 5952283
15695 282493 298187
15805 249813829 1974153783673
15805 5749 45431473
15805 88075693 1523015677
15845 92269 15553217
16345 3481273 118052713
16385 268664833 338621022209
16385 525697 200315009
16385 114689 10616833
16385 33939457 2973786113
16385 1697 108193
16385 353 673
16385 65537 114689
16385 54617 81929
16405 10937 9443237
16405 7477 118057
16405 40637 170369
16435 469283 593282009
16435 450193 552283
16465 543313 4472824273
16465 77617 638981953
16465 3697 30435553
16465 21169 10892113
16465 463 32719
16465 7243 275419
16465 8233 271657
16465 39920497 1293879889
16465 673 1009
16705 33409 186032449
16705 33409 79728193
16705 93119233 81871409857
16705 769 558529
16705 150769 53587153
16705 3457 539713
16705 6147073 460479169
16705 33409 618049
16705 577 3457
16705 5569 22273
16705 577 1153
16705 4129 4513
16745 1289 3083473
16745 66977 13512409
16745 1289 162289
16745 26209 3157337
16745 547 10739
16745 117209 2210209
16745 153073649 1665508937
16745 162567497 1018403569
16745 1093 2549
16745 1758233 2009393
16765 41149 344931493
16835 14980489 3454747019
16835 38917 249779
16835 229 419
16985 4253 3140749
16985 113 1657
16985 3141269 7181917
17035 4331647 287119093
17485 224317 1961091373
17485 594457 22257133
17755 1172029 6936458299
17755 97813 59885167
17755 323353603 12535247209
17755 54877 1447759
17755 397 463
17945 233 34273
17945 233 17569
18005 12008669 54054021337
18005 829 3731537
18005 8849 22760893
18005 531133 9920177
18055 409 1327
18065 336333617 10967268577
18335 336190559 3082026949633
18415 3646567 33575765653
18415 110503 1017456373
18415 4159 38293993
18415 199 1832293
18415 5471929 11196174727
18415 195427 399865357
18415 11719 23978377
18415 339406849 367657477903
18415 362143 128247373
18415 18229 3137263
18415 3667357 631162423
18415 2264923 79143373
18415 448633 4230199
18415 1209223 5597749
18415 42967 159589
18415 94447 108109
18485 170866097 1052819934349
18565 2347 2293267
18565 10209109 1425053449
18565 7177 344293
18565 157 1873
18565 8101549 40738153
18565 14612053 33094153
18635 424019 678133
18715 385751683 3803657929
18745 8317 30757
18905 151273 714954017
18905 28289 23252329
18905 216173 24181957
18905 409 4217
18905 177209 1724209
19045 877 2087809
19045 457057 1580653
19055 647 6164293
19055 239 2269
19135 13267 9402373
19345 4993 13798513
19345 8737 9942193
19345 1049 471929
19345 7002529 667309969
19345 77377 4313713
19345 4993 170353
19345 3189889 55945969
19345 1117 10789
19345 17975413 117597013
19345 937 4057
19345 313 937
19345 971569 1835809
19345 1249 1873
19345 40262119 55805023
19465 42577 16913497
19465 159306353 609333497
19505 5227073 1728034897
19505 100189 20146253
19765 18793 28572589
19765 92233 8030773
19795 39619 56018437
19795 39827 6681149
19795 42187 643369
19795 48677 212099
19795 53987 148469
19795 58379 123017
19915 39857 61057859
19915 59747 119489
20065 42433 3188833
20155 277 31543
20165 80669 813345193
20165 173 1744273
20165 544429 2744602697
20165 80657 70715149
20165 544429 1774433
20195 5843 133033
20595 107974343 5898492293
20605 457 10429
20605 3673 32029
20645 77813 1229113
20855 2647 176369
20905 5626393 1321570177
20905 313 61153
20905 7489 1094809
20905 507673 42793969
20905 313 8737
20935 83737 1025767
20935 853 859
20995 109 967
20995 103059547 255790897
21185 7456769 550423873
21185 449 1153
21365 10487 93787
21385 384913 484197913
21385 791209 50658697
21445 139387 52441303
21455 121789 70621163
21455 386173 17013023
21455 386173 10448099
21455 523327423 3821643929
21485 157671077 6367599793
21535 223 600289
21565 937 4933
21605 950753 6847006189
21605 593 4270589
21635 237087007 18125008469
21845 509 5559553
21845 509 3706369
21845 509 585217
21845 11119613 5520635137
21845 132589 36663377
21905 116849 639894337
21905 3244753 3740858657
21905 14753 1449169
21905 13662769 254925857
21905 8038769 51518209
21905 3889 18593
21905 16425263 25537327
22135 1973 172619
22135 953 14519
22135 44269 66403
22145 1633409 2241409
22195 397 1063
22645 256420657 1935548592589
22645 7549 42736777
22645 7549 1147297
22645 7549 143413
22645 6733 47737
22685 90749 1029320533
22685 2075587 6726384443
22685 3901649 4658363557
22685 3853 12413
22685 1973 2113
22705 1090273 2750516497
22705 1465957 1447154509
22705 34057 2940169
22705 317857 13145617
22705 643022689 2599222033
22705 227053 340573
22765 47440177 6792299557
22765 11383 34147
22885 397 7753
22885 6829 16369
22885 229 397
22945 526495969 6040225004353
22945 263259457 2013496080289
22945 75233377 215778729409
22945 673 270913
22945 4513 578497
22945 249217 13647457
22945 769 11617
23305 41807377 57312995353
23495 266663 184271977
23495 66337 21350519
23495 44518367 119976949
23545 5776129 19428422473
23545 211969 712972873
23545 551800729 556909777
23585 8537 99529
23635 874459 2583479809
24195 48497 22139339
24245 634943 260918527
24245 12959 462727
24295 194353 277753303
24295 301342777 14271194479
24415 2368159 1993744897
24545 16033 98382497
24545 13729 260417
24545 16033 26177
24605 605430629 7448310313273
24605 99133 13703189
24845 99397 617379617
25295 2453519 2820989233
25345 3015937 38219461633
25345 274177 3474508033
25345 11969 15966017
25345 43633 10335313
25345 577 7489
25345 8290657 34680097
25385 167809 608547353
25415 76243 28921133
25615 73051129 35305748479
25615 1117 3727
25705 845209 2414010817
25705 2857 1707889
25705 1297 87049
25705 19483 766939
25705 2857 74257
25705 12377 15233
25715 599 5134429
25715 1979 379777
25715 3419963 116947273
25715 640873 7668707
25715 1289 2347
25715 106687387 113964449
25765 346657 2859949
25805 665923829 8592082203673
25865 10976513 12343804729
26315 10259 56197
26335 33026599 434877742333
26335 346792447 3044259697249
26335 97813 858635119
26335 231203743 1522187642977
26335 2927 19270637
26335 8900893 8082931627
26335 2124277 1300996159
26335 4541153 2440638047
26335 2927 433049
26335 417583 56685817
26335 5553967 611982097
26335 66463 968089
26335 463 3697
26335 97778143 764318017
26335 18105823 121730113
26335 280897 1149919
26335 17451919 42646033
26335 27535789 36860419
26335 140449 166783
26465 109 2333
26465 14753 16417
26555 5237 8180503
26555 6733 926399
26585 7682777 68082208849
26585 235613993 1565949500977
26585 709978889 154711383313
26605 119737 1061867629
26605 5413 36003217
26605 3329 4661477
26605 6553 10909
26605 610082929 842788117
26665 65598289 4405990873
26735 719358473 111167911999
26845 332617 10228069
26885 722830109 9716643740233
26885 31397 422054173
26885 30269 406891033
26885 240988177 925566734093
26885 27919 107228903
26885 242063537 51243135373
26885 7412653 483711593
26885 1317317 39438829
26885 4889 95317
26885 43659617 500123053
26885 712427 4476187
26885 4889 7333
26885 19553 21997
27065 981377 14764297
27235 741772459 10101086460433
27235 9613 1462627
27295 18253 6002599
27295 1064467 121567477
27295 157 5647
27305 2633 35947033
27305 4969 7140977
27305 19993 2966897
27305 6798697 318419249
27305 449 15193
27785 852289 3382978553
27805 699073 6479241589
27895 194616439 417601966609
27985 433 865537
27985 2969 654233
27985 2113 3697
28145 197009 2772409153
28145 7078217 8661583369
28145 113392177 55024531409
28315 24443 388169
28405 37 525493
28405 7237 68522329
28405 433 4099789
28405 109 1032049
28405 115291837 409358078749
28405 10333 36688609
28405 3069037 7264666333
28405 433 103357
28405 433 60589
28405 433 8317
28405 6362497 79161949
28405 37 397
28405 17359 77323
28535 819296743 131340632369
28565 114269 1632046993
28565 7253 103590973
28565 2114033 20129117549
28565 5197 11419409
28565 269 174637
28565 152617 454637
28565 256189 650609
28615 14327 11080193
28615 7297 366967
28645 397 5686033
28645 229153 2188029229
28645 7393 70590829
28645 135409 554112973
28645 169709 694473473
28645 20749 84907873
28645 2129 8712173
28645 3783649 5704348717
28645 241429 238473577
28645 90397 89290417
28645 2017 696109
28645 201769 32288677
28645 16493 1617953
28645 7393 292909
28645 13575409 526207837
28645 1244629 36048937
28645 36005509 677201449
28645 18229 98953
28645 4093 16369
28645 7057 20749
28645 85933 229153
28645 286453 429673
28815 830333039 11963023259393
28815 57839 16025297
28835 208123813 162195949943
28835 1066859 496175473
28835 186094637 542627047
28855 104105233 333772944247
28855 834111433 454118592439
28855 8317 626599
28855 27847 99793
28885 1567 767167
29015 261127 398768417
29045 1249 128189
29045 373 3797
29165 871245337 35839027157
29185 44831233 654199767553
29185 12344833 180141975553
29185 87553 1277617153
29185 769 2493697
29185 8929 15328993
29185 178753 274574017
29185 57457 35678353
29185 2129 332273
29185 87553 12052993
29185 25537 1645249
29185 6974977 95840257
29185 842977 4142497
29185 12289 32257
29185 5807617 15117313
29555 2689 6113339
29595 59219 125184737
29665 286753 4253263873
29665 2848033 42243449473
29665 25057 371657953
29665 8353 123895873
29665 297075073 23252591137
29665 14209057 823264993
29665 929 33857
29665 158209 286753
29705 1129 2633
29785 439 122203
29785 167317 4307293
29785 997 12277
29785 25609 64489
29785 433 1033
29785 625489 833977
29815 59629 4263403
29815 707903617 1194259399
29855 60127 8630249
29855 65309 696607
29885 119557 893240237
29945 1475137 6310425353
29945 3353729 548783689
30095 5167 8184257
30295 103 1560193
30295 199 3169
30485 21613157 329438545573
30485 121937 1239083149
30485 137 1237
30695 63949 1534727
30705 12411689 22417700633
30705 89448833 111434513
31145 9619 15767567
31285 6733 30097
31305 12377 433889
31535 74897 399439
31645 33403 3377119
31655 7534367 119250193693
31655 2647 3137
31685 197327953 344690237
31705 47894177 79920256937
31935 1026007487 168894582977
32005 397 470593
32005 10837 4751209
32005 3808477 335785969
32005 269749 15334489
32015 48629267 1109669269
32045 293 4694593
32045 224309 11920369
32045 97 197
32135 148362679 25911058097
32165 258936283 225099609263
32165 24098317 14906199353
32165 4013 47737
32165 96493 128657
32215 8796607 40483242073
32215 376657 1348222807
32215 96643 135363229
32215 547 108109
32215 22303 1714777
32215 743 40433
32215 8737 394759
32215 844999 31579633
32215 435553 10885447
32215 6007 30577
32215 14869 27259
32215 109302103 159523729
32215 1514059 1739557
32245 193513 891403813
32335 5107 55044949
32485 127 1123
32495 1409 2693263
32495 463 105953
32495 23633 3979039
32495 181706449 5586141023
32495 1863247 15924833
32495 1217 1999
32545 36097 7034593
32665 12457 12715873
32665 313 4969
32785 2833 4888417
32785 4993 44017
32795 56901043 10849242473
32795 1270337 7606483
33085 135637 5446057
33155 85427 104901193
33185 2090593 41944577
33205 49807 2208067
33205 603117457 6412588909
33215 1103269439 18322547208193
33215 307 317
33535 12172843 695428093
33655 7993537 3685239559
33685 2829793 31773859069
33745 54226609 914938460353
33745 1619857 27331037233
33745 43799713 492673771729
33745 3847273 43275409129
33745 63493 714190429
33745 29527 110709847
33745 6661777 16057261777
33745 14992993 21997328209
33745 2053 3012109
33745 10267297 11947239217
33745 135193 86077129
33745 1619713 4825393
33755 197 547
33815 158047 11180669
34195 4898917 159693487
34315 21433 8263747
34505 31336897 154468518713
34505 297752269 790303233989
34505 197 17749
34655 1207102783 235012061489
34655 1583 7549
35155 532333 7899607
35155 1303 18229
35155 140617 457003
35245 397 6996133
35245 112934593 1326793243429
35245 13958209 163985692069
35245 397 4664089
35245 397 1554697
35245 397 777349
35245 13981573 7948073233
35245 6949 3309697
35245 13993849 5303367829
35245 5164849 831210517
35245 109 8389
35245 852799 9749239
35245 144317773 519134509
35245 4749427 13150567
35355 178679117 274660877459
35405 15749 19914049
35405 179693 61767289
35405 107 18127
35705 577 2943113
35705 6569 559777
35815 397 618199
35815 127 28789
35815 27461719 4390810117
35815 2539 122389
35815 62925199 2082870613
35815 1223773 39028879
35815 74887 1647469
35815 43 397
35815 90617 341879
35905 193 2689
36215 32377 34847
36305 6529 33862193
36385 72817 115193329
36385 72997 23504389
36545 585313 578115233
36715 87523 803351737
36715 4363 147097
36805 7323997 1289759377
36895 151477 1862914639
36895 2545687 1055315977
36895 60247903 101532289
36935 9344303 115043943769
36955 14338153 1808417899
36965 4139969 23176429
36965 123217 184829
36985 852427 409441723
36985 147937 8839177
37265 260849 3240179329
37295 8317 2442383
37465 786829 9826182829
37465 581953 34120297
37505 85793 110954017
37505 4807553 3339023617
37505 3457 974849
37505 2432257 182809217
37505 30529 711617
37505 53593217 801760513
37505 71370113 427320577
37505 2273 8353
37505 34766209 46054913
37715 474178123 4470906977237
37765 356888683 364267597663
37855 302833 201118303
37855 463 21937
37855 529957 4807459
38165 209497 420813317
38165 1481089 406660157
38165 2129 584557
38165 659 20399
38165 114493 2442497
38305 7867 23180419
38305 735973057 229198763809
38305 234529 20699617
38365 220177 179725333
38485 461917 2222109469
38485 464857 70711549
38545 8443327 36160893247
38545 9769 41838457
38545 1777 7610497
38755 175051819 3574358929
38755 15966649 18330643
38845 77689 1005943069
38845 273313 37515349
38845 77689 2214109
38845 16974829 295292089
38845 2182129 27176917
38845 63187237 711657937
38845 431770483 2985957703
38845 116537 233069
39005 5153 66997589
39005 16788437 3992884057
39005 2847293 23519413
39005 72689 136949
39095 881393 387169207
39235 118417267 2323050735373
39235 1020163 20013047653
39235 739 14497333
39235 80779 2746417
39305 14009 3823777
39305 20809 365297
39355 237073 59426803
39365 30109 169320113
39485 1802760473 11531183749
39515 326859809 369732499
39785 160697 16435297
39845 75669449 81487816093
39845 81509 3572857
39865 33529 102817969
39865 3433 7202977
39865 1316437 1943694853
39865 1324753 189287737
39865 7129 51217
39865 6070417 39522649
39865 1840999249 11618083753
39865 52009 203809
40045 23370469 672320713
40105 31193 65841857
40105 4705537 8205024409
40105 30097 52480009
40135 89959 745357
40415 74266237 230882305259
40415 3626239 2818354793
40495 1581649 7116541807
40595 9403 15137
40685 23269 27844097
40885 122653 2507333953
40885 4957 101333473
40885 8317 170020273
40885 163729 142426813
40885 20443 4722103
40885 353 2909
40885 1693 12577
41005 560511013 5745938522017
41005 12260197 286945993
41035 36643363 34968846529
41045 13933 26417
41135 1692129359 34802870591233
41245 4000669 2142955753
41245 185599 24148363
41245 337 4789
41245 149269 914257
41245 397 409
41495 1217 110503
41605 829 17245273
41605 2101003 12487461403
41605 27737 31189133
41605 1009 711517
41605 409 150589
41605 501229 127156297
41605 229 2029
41705 51767 153739
41755 871781767 12133749227029
42085 10333 1622629
42095 505129 125818967
42145 2415379 2751247243
42265 3550177 368668873
42335 18711629 35687563
42355 21407 1984013
42365 169493 897571369
42365 1117 32909
42365 21902189 354967957
42365 2143 4523
42445 2255389273 8952585589
42485 8779 19630307
42485 1350749 5296897
42545 20591297 18639504913
42545 337 11969
42665 606810073 6472387941137
42665 4993 18329
42745 983113 33511297
42785 385057 10824353
42805 1693 6039073
43055 1853776079 39907164540673
43055 292183 3329789
43055 1968173 9696727
43105 54655873 336563057953
43165 14389 310550593
43165 397 2448073
43165 38833213 88222928377
43165 72469 136005409
43165 143433973 182097866017
43165 87649 5741077
43165 58117057 1979970613
43165 14389 460417
43165 397 8713
43165 38149 659473
43165 11617 125269
43165 39733 365377
43165 1013 6689
43165 463 859
43165 439711669 674394337
43195 86389 128674927
43195 170899 2433889
43195 313 1459
43195 1933 3727
43355 120947 1747885729
43355 4909 1952567
43355 953789 17038123
43355 4909 62987
43435 2179 23661217
43435 5230369 6140029123
43435 35569 41755123
43435 163 114193
43435 14479 1071373
43435 972139789 31771927567
43435 86869 998983
43435 2707 14737
43435 89 107
43745 59803517 872034950389
43745 306209 1116259393
43745 638574913 570091011617
43745 116929 49660769
43745 306209 1049857
43985 176129 164830513
43985 161487257 97301602729
43985 28289 225457
44045 8009 156157
44065 970906177 14260993563169
44065 11969 20129
44135 10989367 2593666913
44135 499 117773
44135 10989367 132048929
44135 92195927 1040150113
44185 33577 2544769
44455 16183 359707633
44515 756739 802053253
44515 756739 113421673
44515 756739 39261349
44635 11663923 907002097
44635 5419 13417
44765 1489 994853
44765 3435049 355126949
44765 28604197 2119978277
45235 9891169 15428518267
45235 1901089 2965371067
45235 17713 27629227
45235 18433 104059
45385 2729 1848593
45385 76533529 503986393
45655 2602279 59403523873
45655 160382503 523018798177
45655 36705817 9686728759
45655 32733919 6414021769
45655 25309 1555159
45655 54517 501103
45655 1783 3793
45655 639157 1232659
45695 67401599 96247377073
45695 7349 5330359
45695 28409 13382983
45695 70619 31329469
45695 1005269 233176483
45695 683 118669
45695 4423 173933
45695 9649 251519
45695 577 12479
45695 18057439 388847633
45695 200089873 3697172159
45695 47704537 48298559
45785 21713 463033
46085 27799 67427207
46085 398029 655113089
46315 15107 174920177
46315 11640253 27958219
46355 3323 77018833
46355 79589819 922346514937
46355 2939707 34067529497
46355 89083 1032360617
46355 6427 74480897
46355 80669 415490167
46355 537335569 1916014638539
46355 2741509 9775588439
46355 2150315707 2931702488177
46355 50026747 44595958793
46355 197 102607
46355 75853 9426719
46355 26489 655579
46355 617 14323
46355 46724833 1067486267
46355 602603 9456217
46355 2459172409 17021791403
46355 19867 105953
46355 3023625067 7426096217
46355 41451257 62898067
46355 4817 5419
46495 75979 1177547869
46495 32612959 378233857
46835 2193564059 51367786351633
46865 18934673 295791150049
46865 25246769 295797457297
46865 18999313 5462593889
46865 140129219 6721756243
46865 58379 2467027
46865 523 6323
46865 33409 149873
47005 35257 552418429
47005 157 2459929
47005 736537013 8655230574017
47005 183067 613903
47345 193337 936233
47435 38563843 91263017
47495 1128647417 1624397244559
47495 189977 1567303
47515 2257722739 53637847971793
47515 83 985937
47515 337 81283
47545 23773 1925533
47545 6793 434689
47545 673 28393
47545 588169 19036417
47545 658057 4290049
47645 2514053 29945513797
47945 90009329 4977505513
48035 9270563 20241431533
48145 1588753 38245256593
48185 4409 16342129
48185 457 1217
48485 137633 6301357
48505 3049 16432417
48505 213193 152072449
48505 1033 86689
48505 1406617 7857649
48505 673 2377
48545 54806177 1330282931233
48545 56417 1369381633
48545 1889 7641793
48545 97 138497
48545 19763 7002883
48545 202577 4685137
48545 683983 4803119
48545 97 257
48545 193 353
48685 277 24169
48805 315949 4002049
48845 70481893 15864921953
48865 1905697 46560941953
48865 8737 213466753
48865 2017 49280353
48865 1193942977 19447341190369
48865 61729 1005462529
48865 7297 118855969
48865 2017 4285249
48865 367 314623
48865 299548537 82697396953
48865 1807969 231273313
48865 4814209 183356449
48865 2593 8737
48865 12097 29473
48865 195457 342049
48865 577 673
49045 977 1114349
49045 616129 13143997
49045 18493 115777
49045 2557 5569
49045 147137 294269
49235 274187 1124966413
49235 1913 110419
49235 5514209 38845627
49595 1097 9043
49595 16418629 78849803
49645 98533 407639233
49685 2969 5086717
49765 1453 70753
49765 122149 873133
49795 3019 75165553
49795 3613 10582903
49795 6337 18859
49985 1217 15207937
49985 104116673 743467414273
49985 652609 446858369
49985 36938177 6915186433
49985 6689 698017
49985 71809 1469249
49985 1409 2113
50005 6617197 19464290353
50095 33409 98448463
50095 4965049 4363581223
50165 8176733 10517584897
50245 11908777 199452166789
50285 1266100837 872135350529
51035 137327123 76179236113
51145 306913 2242437913
51145 38377 85338769
51145 168013 1768477
51145 2609 8009
51155 104347 5243489
51185 54587737 399153331193
51185 1381969 10105154753
51245 1313076257 22429530929989
51245 875401253 11214984302497
51245 1998517 373773737
51245 3313 553013
51245 35099 2814787
51245 153733 1127369
51385 427309 1107109
51385 154157 308309
51385 337 409
51515 546289 2164775219
51665 13399 359243
51845 2787149 82382977
51935 899133343 11674122542177
51935 1142549 2046147667
52205 309877 59040617
52445 1153769 20169805069
52445 45893 802286129
52445 9857 172316789
52445 673 136277
52535 167 2193337
52535 682943 57682333
52555 5992297 34991685427
52555 3024649 312299467
52555 17519 385397
52555 6461977 82249747
52555 98083283 570596297
52585 499549 3752683453
52735 842623 3150577
52865 135937 378226817
52865 4957 6094229
52865 31810913 18895324897
52865 449 116929
52865 16829 41077
52955 96719569 393983444339
52955 688403 180467233
52955 27165403 3623536313
52955 2707 75329
52955 4049 50227
52955 519055109 4692942343
52955 74746979 432451249
52955 1277 5743
52955 1336982593 3106758227
52955 233 523
53105 940100113 12481004125217
53105 1412672609 757777564657
53105 977 68449
53105 47 379
53135 1422503449 184803718247
53215 1738423 46255089973
53245 3620797 96394668133
53245 3620933 48199144397
53245 62119 49366063
53245 2143 1046827
53245 613 121789
53245 23893 2484733
53245 41413 2798269
53245 1007557 49490197
53245 1353133 26038153
53245 526249 5360653
53245 7678273 31577173
53245 159737 319469
53245 17053 28537
53665 489523009 24620667553
53755 254083 355573
53885 221737 7713557
53935 3631759 97939460833
53935 2767 74619073
53935 1454977519 4130221709857
53935 787 1147213
53935 28840807 21020661157
53935 8208877 1778095507
53935 106657 4989199
53935 607 1213
53945 142217 319662337
54055 9127 3824497
54055 287488657 3492964567
54055 295219 723493
54085 24733 856393
54115 523 3537769
54115 523 1230529
54115 523 307633
54115 9482827 1336362457
54255 6130703 6944513
54385 15313 66529
54385 182929 266977
54805 115526833 2110482694189
54805 340369 9700429
54905 11420033 89573844553
54955 10033579 275697666973
54955 2719 16602517
54955 232597 1420263127
54955 21673 132337747
54955 70288723 87789017557
54955 70318117 57676598803
54955 12799 1398349
54955 39217 1356307
54955 26839 309277
54955 80593237 546318163
55105 31489 417217
55195 496747 13708975333
55255 110567 218192129
55315 1529929927 28209357970669
55315 2143 39513349
55315 4048459 13172971153
55315 1530372439 4455397445437
55315 16207003 14459522113
55315 86923 4946653
55315 3647953 77939947
55315 1035163 16341337
55315 86923 426709
56135 919 20129
56135 4246373 55344823
56455 112909 2124759199
56515 3200274793 1600562211739
56695 199 1410289
56695 199 2113
56695 11168719 43314217
56795 3399083 96525459493
56795 443 12580093
56855 263 1246073
56935 2125537 39075703
56965 1082317 413786497
57005 7127 135424879
57005 3352234229 106045567273
57005 3596211349 33706351193
57205 1933 5819857
57205 43074613 107134053769
57205 400597 996354409
57205 3605617 7639234093
57205 2689 3577309
57205 25873 17832109
57205 757 404713
57205 2017 707869
57205 5949217 1676477629
57205 628993 177248989
57205 69483793 3616761037
57205 1153 31069
57205 210533 4086713
57205 9829 99289
57205 45934813 278240257
57205 3613387 8132503
57205 6287 10739
57305 172837913 4952238302233
57305 93133 762426653
57305 165569 1355418793
57305 111593 799354609
57305 39209 187239313
57305 6663073 20096178857
57305 515737 869244377
57305 6917 10163557
57305 173064113 128797909033
57305 3289364209 1943268206153
57305 173350633 57754988513
57305 471440009 95126301817
57305 51637 10238957
57305 515737 75010937
57305 313 26417
57305 233 15313
57305 192803833 1668472313
57305 17826979 68705027
57565 368198533 10597674276073
57565 9829 188602129
57565 748567 2534779963
57565 255349 334071937
57565 416989 452905129
57565 430233337 11120961853
57565 3750517 42225409
57565 13282543 42199327
57565 1579813 4848169
57665 554266369 4565967166913
57665 145963 1202422343
57685 2613997 75394208473
57685 124477 3590227873
57685 1663837297 31992818159149
57685 28843 237686923
57685 28843 24832963
57685 28843 3547567
57685 18217 762037
57685 829 25117
57685 24023869 102410353
57685 567395557 647943397
57715 1409 6255419
57715 144289 577147
57835 17137 734707
57885 2481029 2930129
57905 6063377 175549922593
57905 8849 256200673
57905 200033 1654701553
57905 838420969 3734520477689
57905 8009 20163529
57905 572573 20944309
57905 25169 350593
57905 673 2129
57955 1130299 7278497617
57965 231877 3360187577
57965 35879717 70947937
57985 5160577 749965057
57985 355909 15481909
58045 8293 240683593
58045 1933 16028713
58195 2179 3529
58315 1282909 2579753047
58315 22453 840943
58645 382241593 1318621071853
58645 384587353 59825266093
58645 408729133 5872101913
58645 411798169 5304173869
58645 416913229 4580344009
58645 571440169 1153481869
58765 13869013 407506274473
58765 997 4882393
58765 499 553279
58765 997 17929
59095 31357 617680639
59185 1751491297 34554004137649
59185 875952793 3049603885513
59185 1783 6207463
59185 7213873 8055718369
59185 163 64747
59185 10379953 47630449
59185 3883969 4719889
59305 4982209 42209986393
59305 879507973 3068189431693
59495 97849 737183
59755 119569 246373987
59755 127 42397
59755 5019337 214696123
59755 42643 252817
59755 45127 83077
59755 7648513 11293507
59845 25014793 171931813
60145 1808770657 36262837055089
60265 30133 605321749
60265 6168313 16896971953
60385 3743809 75356635489
60385 384889 6176329
60685 306949787 1432865217239
60865 66457 76318969
60865 193 10369
61145 19994089 305634642977
61355 3813028393 295016843699
61585 184753 5689006753
61585 1297 39937873
61585 433 13333153
61585 1896417697 38930294623249
61585 92377 121043353
61585 748777 56720089
61585 762049 24455857
61585 7699 161659
61585 337 433
61585 1418689 1542577
61595 1427 43948033
61595 8803 28537937
61595 2087 17749
61595 31123 81953
61745 18868097 152828369
61745 857 5689
61745 11833 18089
61945 11707417 15430126513
61945 124349 33636677
61945 650413 5605933
61945 422353 3097273
62015 38098087 69489790157
62015 1613 2128303
62015 55147 212909
62015 5527 8597
62305 112573 304950469
62305 138719857 233592991633
62305 11393 60449
62605 11770117 368434087393
62605 1959755617 40896833467429
62605 150750433 3145910285989
62605 37687609 786477587149
62605 9421903 196619412439
62605 254647 5314058479
62605 45575713 951089170789
62605 11393929 237772308349
62605 23689 494349949
62605 1690309 13227724369
62605 205633 56712133
62605 863767 77584123
62605 2103431797 28670879089
62605 15064723 109373419
62605 5077 23689
62745 7654769 120405737
62785 19009 85248577
62785 219053377 809015663233
62785 12090817 4037882689
62785 4596337 274056049
62785 12097 692353
62785 20844289 499697857
62785 577 7489
62785 5317057 30175489
62785 466957 1918837
62785 2560457089 8560535617
62785 1297 3313
62815 68114203 54159413437
62905 215689 3391979137
62905 1986319609 501804959857
63155 926017 2057147
63185 878833 13882265777
63245 653 20649493
63245 653 89977
63255 33334859 117778949
63365 683 2545783
63365 7870157 4795120177
63365 27959149 1676094113
63365 2297 36037
63365 37 137
63365 70168253 254447257
63505 3889 123485473
63505 14869 814717
63505 3889 158113
63505 6668033 7620593
63595 614743 439264957
63665 269377 902625617
63895 466234519 1819573333
63935 66279887 250345873
64145 966803 20671859479
64285 129146557 2767395472249
64285 14399617 308559792949
64285 163633 3506382469
64285 5413 115991569
64285 1377584693 22139507997377
64285 160117 2573280337
64285 116293 266996269
64285 8490637 14363699989
64285 449989 761251129
64285 7393 2093653
64285 1783 281623
64285 13049653 1777324033
64285 716380897 17856745237
64285 449989 7971217
64285 996403 7424803
64285 12383317 26959549
64285 516082667 1035047399
64285 6825589 11212609
64345 12517 35017669
64345 1479913 2975781313
64345 28393 41521537
64345 14449 1000777
64345 526108717 31726771693
64505 5676617 183085089793
64505 99689 17521633
64505 193 1097
64855 487 32833
64855 1814509 50097907
64855 2853577 65697103
64855 148609 1020007
64855 99161767 397425313
65095 1412583197 13136014744103
65095 585847 95818369
65095 42506383 3224886949
65095 31237 170887
65095 6487703 10067873
65105 2857 319049
65105 769 8369
65155 34727083 253318753
65305 32653 710801389
65305 112257577 431234180353
65305 1129 136033
65305 336903337 12486647233
65305 3169 56809
65305 1675873 24196969
65305 385057 435817
65335 5814727 10976113
65365 4057597 132612413953
65365 202567 6138523
65405 4649 101355949
65555 3797 14641903
65555 7079833 42544547
65585 459089 29119297
65705 4337646673 910559343929
65845 30749149 1012338857953
65845 1445253853 23790684987697
65845 7237 5741209
65995 54973003 128952277
66005 198013 3267462017
66085 13693 9730129
66265 9769 323671393
66265 4396417609 3552787961713
66265 8209 6553849
66265 42967 20782543
66265 4414971529 808171514833
66265 132529 463849
66305 71633 1583208689
66305 3257 1375513
66305 138198257 23316120689
66305 593 100049
66305 139826849 7863629537
66305 4584192257 107252952577
66355 35034913 13437813019
66445 23053 25961977
66445 351289429 386172529
66665 1111322213 4358017372333
66665 42749573 105551862373
66665 7489 2238809
66815 848070103 6064840409
67135 22423759 752709530233
67135 19183 643925353
67135 194167 6517700773
67135 967 32459773
67135 6747973 50336129707
67135 3697 27577567
67135 469939 211740637
67145 16633 279205697
67145 15313 54115337
67145 635475233 1154370169
67415 29153 1131463
67795 397 9103
67945 51199 10905067
67945 1800517 5469493
67985 8202097 106253729
68105 25232533 25648681493
68105 617 1873
68185 147289 1839697
68495 829 7499
68545 4012273 938639089
68635 3820627 131114367073
68635 1747 31357
68635 9127 56269
68635 59779 230257
68735 124339807 1220928090593
68855 162749 895127
69005 644923 6357558803
69005 937 9236813
69005 6417373 12903749
69055 55450363 1276374938989
69065 110969 1487593
69215 19933633 305718239
69215 757 3863
69215 20749 104243
69295 190159 511057
69445 2411373457 55819276573789
69445 19930429 153785404657
69445 8317 64174897
69445 138889 143957413
69445 829 289297
69445 6373 1510489
69445 199 8443
69445 19930429 400830769
69445 577 7309
69445 109 433
69565 211049 67657253
69635 18797 40627
69745 1673953 38916617329
69745 16417 49782769
69745 3697 2743057
69745 426553 22086073
69745 12049 72577
69865 24709 365509
69865 21673 252913
69965 2588669 90558113293
69965 9029 315856993
70115 13251547 232283054477
70115 2003 1025113
70295 2770427129 22833529727
70445 60511397 994105729
70465 3385153 4042962817
70495 5095588297 200790104527
70555 277 2171527
70555 14389 13184623
70555 106207 30094117
70555 20037337 91226323
70555 179593 301459
70615 4378069 103052447479
70615 1063 9382969
70955 142019 186610337
71015 923183 91181977
71185 13789 18520189
71285 4776029 113486409089
71645 7963 43885319
71645 788585509 2060624729
71695 7687 5403133
71755 1287840793 2497540975723
71855 36899 13737709
71905 673 1423297
71905 107857 93439249
71905 577 106657
71905 1294273 222111457
71915 3488707 11632529
71945 6259129 112578258977
71965 48889 390921877
72145 433 1301617
72145 433 119233
72335 5054059 27431933
72415 23167 60913
72455 207367 20497649
72485 7937 30637
72505 5720329 59728177
72535 3466247 35917746593
72535 727 976537
72535 19729249 272220103
72535 145069 1958419
72635 34739 3107473
72635 969954437 9407483047
72865 482737249 2931220804033
72865 230874337 1401888213793
72865 95393 204435617
72865 4886443 3596471407
72865 6073 1232617
72865 4159 511039
72865 6073 176089
72865 9909649 11148337
72965 302297 7352366869
72965 1970029 391670753
72995 2481797 26496823
73015 4903 178996273
73015 74713 48275839
73445 750179 966612223
73445 5406800393 2295389912509
73445 22273399 2958173219
73445 28183 1633703
73445 4154833 43950989
73445 23059 45263
73555 2587547 47581754897
73555 15593449 127441793467
73555 6946369 39303090139
73555 5659 18920353
73555 7177 15997099
73555 7177 14267683
73555 599 20333
73555 5659 90529
73555 51708463 253172869
73945 854569 7898888089
74035 1153 1108603
74035 163 7129
74035 15937 394747
74035 229 463
74035 222107 444209
74165 296669 11001228193
74165 62520253 244042871777
74285 2426873 25754322973
74405 20750357 26619488149
74405 3917 23497
74495 40253 499027
74495 10949 23563
74665 3673 34280569
74665 168964633 901124594497
74665 3673 19588897
74665 765307 1544368843
74665 613 471853
74665 36734689 23048702137
74665 83449 39686113
74665 307 132499
74665 613 178093
74665 4629169 573195529
74665 757 57853
74665 5843727289 121133230993
74665 3673 17137
74715 149459 797630657
74765 23017 46509893
74945 299777 7488929089
74945 84313 902691113
74945 799489 8559671873
74945 2777 29731753
74945 84313 1564457
74945 398252417 1441397953
74995 114493 505082503
74995 62497 562459
75055 32173 185749579
75595 595963 22525911493
75755 197 6763
75785 1916122657 2167363515833
75895 7229 14828243
75895 532687 199154089
75895 117937 15730807
75895 46663 4635457
75895 22159957 318709483
75905 2593 352097
75985 193 11953
76145 1218433 13253940113
76145 1218449 11597349889
76145 1193 7177
76145 1180155857 5333430337
76235 304937 20811883
76385 7443349 43735401029
76405 229213 8756509633
76405 229213 547281853
76405 229213 168394417
76405 229213 115217233
76405 1447 474499
76405 229213 28804309
76405 349 577
76445 5846360677 13144854175097
77185 34369 18550849
77185 771853 1157773
77545 69067 779707
77645 128276149 2490000397277
77815 137815669 94903772419
77815 128119 38051833
78085 3048711697 79352884286749
78085 2593 67491469
78145 87517 76842877
78535 549739 2272302757
78535 1279 10729
78555 6048659 21366689
78715 498523 19620618973
78765 477231077 18794552889953
78765 125708969 130198517
78965 3117814577 82066076024269
79055 449 2087983
79105 6258866689 29123979378433
79105 6453858049 205693972993
79315 1110397 9785682007
79315 476029 1641575659
79315 1723 742717
79315 542683 3866593
80065 12097 121068289
80065 361549 103754197
80105 4966697 132619087729
80105 2139017113 42836491459217
80105 10337 1728697
80105 10615393 154524089
80105 1574057 14405329
80105 14294009 45804529
80195 6431318219 257879782286353
80665 241993 9760182673
80665 138289 3718360729
80665 3613 97147549
80665 242083 673366387
80665 1939753 990317569
80665 24743683 6296369683
80665 17929 321889
80665 190249 1061377
80665 97 457
80845 739 671287
80845 45553 1380853
80845 565909 4203889
81055 369247 14964657793
81055 3079 124784173
81055 2053 55468639
81055 109 2944999
81055 109 1262143
81055 365076223 1557434381857
81055 12097 29712799
81055 109 180307
81055 32718799 32341734793
81055 109 60103
81055 61003643 21592359317
81055 28729 10168687
81055 13935133 2584696123
81055 109 18523
81055 5689 871687
81055 127 8929
81055 23227 664549
81055 109 2647
81055 509863 10537213
81055 127 1117
81055 3319 20857
81055 54037 189127
81055 109 379
81055 243167 486329
81055 151338079 184606129
81205 5115853 207716421433
81355 547 11125297
81355 23167 81945709
81355 14909987 2135566889
81355 9283 63337
81445 75394933 323186332537
81485 605333 24662779753
81485 194309 1130947777
81485 6681606517 1059242620697
81485 9829 429677
81485 8669816117 28355943097
81485 23956297 73905989
81605 59617 113140589
81655 245983 59249977
81755 739 512009
81835 6257 13838963
81955 1393219 38354473
82145 562850689 585257846177
82195 793099 50573137
82705 1902193 52440290689
82705 475549 13110093349
82705 136897 3774022129
82745 1489393 20934233
82745 89 433
82835 170179 6254117
82915 27067 124681129
82945 39937 414071809
82945 1009 4404817
82945 117937 208133713
82945 1437697 2537229313
82945 12637 2398573
82945 37794817 7092513793
82945 10369 1213057
82945 7489 107713
82945 25778689 120442369
82945 1009 1873
83135 8863 184206377
83585 64694017 772492772993
83585 2129 17713
83595 4430483 4025719853
83605 10789 451007173
83615 1748201513 8598580559383
83665 388657 8129246977
83665 84341377 1008060186673
83665 8952049 83219242177
83665 11629297 74843471809
83665 9649 44849089
83665 197569 612207793
83665 7057 21867553
83665 250993 43839937
83665 125497 20874169
83665 227900737 24476656177
83665 1050449 102311777
83665 1009 84673
83665 545329 35868673
83665 21426049 1319065777
83665 5358403 322757947
83665 1009 12097
83665 24011569 186738049
83665 10374337 13637233
83905 577 24206593
83905 306100033 6420830817217
83905 577 6051649
83945 89657 191353
84065 22655249 585463729
84065 10510273 230751137
84185 15233 4876009
84185 7955219633 64938443209
84305 169129 55051817
84545 8513 1628353
84545 28097 1225729
84595 5837677 54870920647
84595 5858653 1583427319
84595 5984233 237335299
84595 6576667 51903457
84595 11779 34057
85045 452077 725113
85045 18879769 21856309
85565 671078453 81102864169
85565 25498073 118335013
85655 7356650753 2704437425959
85655 18758227 351352709
85765 106604653 4571474032273
85765 29073997 1246765676353
85765 257293 11033367073
85765 3473443 1159143343
85765 7246177 1245427597
85765 65257 4502629
85765 3820528909 98428255297
85765 7593517 140539057
85765 552709 7461529
85765 171529 771877
85765 6175009 19468429
85885 230512657 6599193182149
85885 1232689 35289831589
85885 547537 15675071749
85885 143617 4111515349
85885 1429 6459457
85885 1167013 2132530033
85885 28953013 48135457
86095 1463599 4666983553
86195 6723133 16118279
86345 173388793 3742813832897
86395 2937499 126892613053
86395 2960653 374503099
86765 347069 15056720893
86765 148853 4305076849
86765 353 10209349
86995 1524007 3583269973
86995 19333 3586087
86995 43031899 2418320449
86995 2417 24923
87055 7578660079 329880126588673
87055 7584927967 8923052759017
87055 276673 24652783
87055 5919673 480276919
87055 47389 2086723
87055 7138429 58587343
87185 1394993 60811232353
87235 84791449 1049337787
87665 3137 130769
87745 178597 10090789
87745 313 7129
87745 577 2113
87805 3854946817 112827868422229
87805 2569993813 56414576687617
87805 3253 13009
87805 44389 99793
87815 6410423 140732823937
87815 439 9637697
87815 1645559 1325731777
87935 27043703 103395131449
87935 252383 964926049
87935 1289 199207
87935 263803 2989757
87935 3389 27259
87935 1289 2143
88085 21493229 946615538233
88085 38039 1116888439
88265 1219649 2290474873
88555 8480639473 104117985379
88565 312795397 2682552953
88615 148251223 243283002337
88645 15943969 190916269
88705 2689 119263873
88705 177409 5245688449
88705 9225217 116903267713
88705 419329 5313796993
88705 2017 6626593
88705 11714737 24166412689
88705 19883137 29893790977
88705 39313 59106097
88705 374951809 536453229313
88705 1153153 1043779969
88705 673 174049
88705 361404289 34508468737
88705 5898817 558436033
88705 1153153 50916097
88705 12055297 407687809
88705 5607169 161540737
88705 6152833 150853249
88705 419329 5104513
88705 177409 1153153
88705 72577 419329
88705 2112769 6039937
88705 379 883
88705 39313 59473
88885 28709533 2807312257
88885 9829 238573
88885 1433629 4166497
89245 153073 290659573
89305 130774729 530856235153
89465 2969 132810793
89465 4049 3734473
89465 13777457 1321114889
89465 169713209 676079449
89465 244217 669329
89755 1525819 3511535497
89785 192496897 1573644169
89835 11699 280337
89965 578198629 4001356896769
89965 2377 766477
89965 9924553 462862837
90155 8130899107 21560035558577
90155 2609 2659
90455 245519 965583529
90455 4380559 6831783869
90455 15289 12687767
90455 20749 4657199
90455 9010327 356842877
90865 1039166137 150596221753
91105 42433 46576609
91105 63073 1969249
91205 53 1611289
91205 273613 6238718417
91585 4193997697 128035759693249
91585 2796028993 64018578830977
91585 942979393 79817715073
91715 4817 3321739
92435 20890763 965518838953
92485 1153 3949453
92485 14942773 5377363273
92485 732533 1106873
92495 51149183 622669609
92795 2237 197887
92795 4003 296693
92795 113472787 128298413
92885 75997 1764745337
92885 1597 1808993
92905 176151673 8182685590033
92905 5209 241971073
92905 2969 68958737
92905 176445553 104411936953
92905 7246513 80733577
92905 163633 609337
92905 9755033 11148593
93145 46573 1446014029
93545 6073 29899937
93545 24865697 101133114169
93545 153073 705833
93605 1097413297 549322843133
93605 197 18313
93605 15809 1190509
93805 2532709 5054909953
93805 433 178933
93815 437837 5867954023
93955 8969694427 556636486057
93955 20388019 200497837
93955 11608204609 36849980203
94045 40597 96697
94165 5084857 56404237
94165 11173 28729
94165 9619 19699
94285 522993349 3522173422177
94285 13933 232633
94285 757 7669
94355 156607777 58406034779
94355 34763 1152113
94385 174682577 4121853757537
94385 32763047 93707278519
94465 13603393 428348173249
94465 618337 19470401569
94535 9788567 462681090673
94535 167 7893673
94535 67909789 22214020427
94535 850807 278308097
94535 17189 77347
94535 89 199
94715 4483 40013
94715 6743923 12309233
94745 3929 20680729
94945 52978753 10634392609
94945 1471633 37170577
95035 219679 6959064589
95135 187318847 398991997
95215 33937 25048927
95245 3524029 5009643913
95285 509 8353
95365 537090049 135144043597
95545 434788897 2186416061257
95545 380774689 353214734569
95555 9802789307 133168258777
95855 2459 33672493
95855 75329 424744783
95855 6997 9923
95965 3145188113 127947425717
95995 39069559 65797935373
96115 701179 3248209
96235 1333603 2005177
96335 397489 517343
96515 113797069 64988900087
96515 3354539 1808733697
96515 10011563 741001537
96515 683 6337
96535 21799 1052183233
96535 1737793 18639760807
96535 2178763 11069836117
96535 1039 842857
96545 1353671009 81477660577
96755 827 40993
96785 9414953953 1848329246129
96985 10369 43723369
96985 3593 4410977
96985 433 392473
96985 7129 2967409
96985 433 4969
97585 1058103313 51627505899553
97585 6147793 299966189953
97585 107857 5262612673
97585 2021017 65740314649
97585 79609 2589548089
97585 35803057 388204590817
97585 125328673 531747763249
97585 9563233 40575134449
97585 1171969 1447678417
97585 3853 98869
97585 1135682593 15484921873
98005 294013 14407372033
98005 294013 12544513
98005 294013 3136129
98155 154243 645013
98165 564467 18470301019
98165 4733 19358957
98165 3013277 3146790817
98165 2393 11317
98255 138152683 1188737357
98345 393377 12895553689
98345 1868689 26253745673
98345 13337 163953409
98345 172741237 894117734357
98345 97 221849
98345 8537 429889
98345 15654937 331235969
98785 9356257 462128923873
98785 445537 22006186273
98785 197569 6505617889
98785 2377 62137
98785 3329 25889
99085 49830637 983951509
99085 709 1153
99235 1094187163 54290831560153
99235 396937 27487819
99235 83323483 910438873
99235 336204793 2654410267
99415 19274599 746468353
99545 1289 64156753
99545 1289 14257057
99545 1289 18217
99695 9976179193 2666421406559
99695 617 27847
99965 6699197 29116749049
100165 66008077 2203899677569
100165 20436109 170581904833
100165 8537 6429389
100165 3163 605779
100165 120157 21724777
100165 3169 464749
100165 109 6469
100165 307 1123
100435 19267 4225069
100435 11059 28729
100945 25538833 1289008748593
100945 4657 581809
100985 13807 1441883
101015 1741007 185319097
101105 328589 153096733
101105 16570549 107470997
101455 21757 8205787
101465 397 369557
101465 10931934289 176710006793
101465 11568823817 93502525777
101765 14959309 348439937
101905 106129 5407537873
101905 713329 9086473969
101905 113011537 93629599009
101905 45233 37173137
101905 3872353 2420933329
101905 11617 3173809
101905 713329 100681153
101905 6360509 72445253
101905 6198193 12457633
101935 3363823 171445648753
101935 463 23597953
101935 127 3236437
101935 127 1438417
101935 127 1078813
101935 82475933 646706479259
101935 2143 15603337
101935 193 1157263
101935 1732879 3680021269
101935 14814409 16967491927
101935 1732879 1784252737
101935 305803 291327373
101935 4287277 3056108959
101935 577627 218886277
101935 1429 541507
101935 1540337 465917663
101935 4359349 239037247
101935 122599 3031813
101935 143137 3009007
101935 51374737 1065923839
101935 5462031457 106396364719
101935 127 2269
101935 109873 1808479
101935 1732879 20182933
101935 127 1009
101935 30577 225583
101935 127 757
101935 463 2689
101935 2017 9199
101935 1779054103 4811692537
101935 1009 2143
101935 203869 305803
101935 8507647 8618149
102065 60497 280664833
102305 75297953 3851678540833
102305 97 2480897
102305 9412889 106998401017
102365 206909 19449257
102415 57487 2629537
102505 5022697 8405329
102665 72617 908953
102955 2985667 17296273
103045 309137 618269
103265 55889 1277137
103415 177148183 16994229449
103415 187757033 10278927247
103415 7097113 38732807
103415 523 1973
103615 3981739 119688973
103615 3697 8527
103805 1972277 247261129
104195 3533 16005259
104195 3533 5335087
104195 3533 2315227
104195 7460197 34937087
104255 3023 78790717
104305 68645809 21183731089
104585 3556129 53131107353
104655 572687 295244129
105185 11100488257 3345572657057
105185 457 79193
105185 2129 8209
105205 3486187 839277583
105205 252253 7130113
105755 85978003 260577857
105845 423389 22406804353
105995 3105467 47023424953
105995 559049 637165579
105995 7101599 2819228413
105995 7172887 715230629
105995 60734563 261169217
106015 349 4111027
106115 61227779 122588410729
106115 11460736457 643809448987
106165 9767089 345641001229
106165 417515489 2332922731037
106165 4140397 30150577
106255 48251123 732417582053
106355 11867 198073
106405 47293 2516105833
106465 3806407393 510389374177
106505 1132793 3437857
106685 162853127 628422103
106745 782849 11937888073
106745 1453 3606989
106745 335633 762279673
106745 709 464309
106745 1339153 416757689
106745 26687 6965047
106745 1620569 80873137
106745 7231907 351374563
106745 2377 9857
106895 118147 1609037
107155 17863 112594693
107185 547082449 29319516148033
107185 396163153 21231373777153
107185 321553 17232829153
107185 15313 820661953
107185 4177 223855873
107185 337 18060673
107185 1044439873 37316095929169
107185 9325357 333179463349
107185 111409 3980457889
107185 141793 5066027569
107185 35449 1266533689
107185 972313 34739122969
107185 2437 87069949
107185 349 12469189
107185 3697 132087649
107185 2113 75493969
107185 673 24045169
107185 56595793 1516555018177
107185 617 9447593
107185 132061777 1769380195969
107185 4177 55963969
107185 337 4515169
107185 1044527569 9329807290273
107185 2251369 10491868969
107185 4177 19465729
107185 29569 137797969
107185 36024913 120666571873
107185 643369 1603709449
107185 142993 259774657
107185 1009 1303009
107185 256129 315553873
107185 3697 3703393
107185 5750850337 5011421897329
107185 35729 30154433
107185 4177 2945473
107185 122497 82577617
107185 91873 58966513
107185 282577 149940673
107185 87244529 36105424097
107185 4177 1216609
107185 185137 50493409
107185 28421713 6440552449
107185 369169 80918977
107185 11543609617 2407201939297
107185 18769033 2945474089
107185 228257 29512337
107185 96757 7983757
107185 16369 1122529
107185 4177 256129
107185 66924229 2649897853
107185 5942495329 172194204337
107185 10429 178597
107185 81781393 1348160353
107185 4177 64033
107185 6162758449 84588969697
107185 5583313 65518657
107185 25873 229153
107185 15313 122497
107185 337 2689
107185 4177 22273
107185 6871459057 35017227169
107185 8273 27809
107185 278807 891287
107185 7667300257 22902755569
107185 38977 87697
107185 3697 7393
107185 337 673
107185 673 1009
107185 4177 5569
107185 56113 59809
107255 97493887 1493815264313
107255 11504922073 94920032072279
107255 39857 251462503
107255 30269 190970683
107255 429017 630331759
107255 654053 723200563
107255 5255447 671839057
107255 2633 254647
107255 2563193 151301743
107255 781423 1899929
107255 80271959 156100537
107365 12456709 47706877
107485 34185637 216143717233
107485 113288137 529425017629
107545 860393 23132741297
107705 52021033 1400731339817
107735 267389 9602384639
107735 1186439 1039195169
107735 55793 4577959
107735 1783 2333
107755 12607219 11415889777
108095 10994033 290633407
108095 17004863 28095817
108155 3307 379289
108205 2557 9540697
108205 33529 96013
108205 58789 149953
108385 1249 6153313
108385 12897697 58246537057
108395 1903339 98761337
108595 31818043 415697833
108915 1851539 2265846857
109045 170557 808625569
109045 3457 1856989
109045 1720605277 133255257409
109045 628993 27358813
109045 7918666237 23857954849
109135 15390433 98802053263
109135 23088187 86887216837
109135 577 126703
109135 1681903 108740809
109135 27919 91369
109415 599 31033
109445 11978317469 655483477697353
109565 46531577 728318890573
109565 101333 171697
109605 8817293 21964077257
109765 3951613 216874400473
109765 12050111449 77804734305853
109765 145217773 362268837577
109765 134131609 1950835573
109855 4893247 258188113
109915 659539 9061653649
109915 251233 185330707
109915 1933 37087
109915 989059 3464497
110215 77433409 95891271607
110485 14323 93086863
110755 4243 3286249
110755 127163 86404529
110755 147673 701443
110815 7039 97503349
110815 27240097 61604313247
111055 222109 8222104999
111055 222109 1072448479
111055 4483 21646069
111055 222109 22988179
111055 222109 7662727
111055 15937 103087
111065 6168161369 76118538049777
111305 107185753 29603747489
111505 2215537 82347817729
111505 167329 396979153
111505 671233 47281009
111785 298169 1190386489
111805 8317 464941093
111805 55903 2083411639
112055 17538643 151176357029
112435 379 21306433
112435 23498707 377439588793
112645 12517 704988733
113005 2034757 6214532833
113005 18433 14170213
113005 74535337 19013240989
113005 16693 491377
113035 367 703117
113035 5347 317437
113405 77317 400409
113545 8701057 42954848569
113945 57199889 724182372457
113995 1405927 9195517
114115 48049 79465387
114115 62799829 7936215379
114145 91873 5243421793
114145 13030450753 114412369323169
114145 57073 1883377
114145 859 5923
114145 19489 33409
114145 1141453 1712173
114245 13052034269 745564827530953
114245 166973 9537915193
114245 4733 270360793
114245 1485277 24240781553
114245 990289 5954503517
114245 62781473 121567277677
114245 3719 1203619
114245 359633 34267117
114245 79171093 4150941497
114245 6454787 283953463
114245 3225197 130290889
114245 1065689 13963717
114245 14717 30577
114245 21637699357 32892447017
114445 38287 10609579
114495 286663109 48480786803
114515 1008753827 57758722249453
114745 6553 1963249
114745 516349 27595933
114745 516349 745837
114835 907 39409
114835 214509913 2914142419
114955 64874629 43107878479
114955 39607 113989
115045 345133 902405137
115145 1045633 1168926329
115255 510920983 19628732631889
115255 26890579 1033091227549
115255 214257187 8231404029229
115255 1516087 58245535729
115255 48907 1878925429
115255 445969 10906039
115255 69633637 87833659
115255 76759849 81024247
115295 13418838073 1415484845039
115345 7129 250777
115465 440957017 795200569
115505 4273649 80737297
115705 2089837 609079573
115805 3647827 8279987
115805 19366673 37719397
116015 192319 57504869
116035 1993 219619
116035 354561227 707652689
116155 104869 2866807
116185 10923553 55180565449
117115 7723 452239573
117115 19073 53939
117305 245839859 505934116843
117395 174661469 143387294779
117605 2965737673 10348799189
117605 657465163 924308639
117745 5652193 73946384977
117895 126967 7484387233
117895 107647 4230347689
117895 74383 2923127929
117895 16633 17353519
117895 235789 3183139
117895 25376083 100517869
117895 337 967
117895 2425249 4025239
117895 4813 7219
117895 3529 3823
118055 16947383 237672049
118255 236737 247746319
118255 6999336007 6729320971609
118255 7556903617 93545654479
118405 483443533 28621065762433
118405 16333 966954433
118405 7009990417 276672638441629
118405 539230033 21282510685789
118405 92236717 3640429492129
118405 7095133 280033074289
118405 11722393 462663314389
118405 422137 16661043829
118405 103969 4103483149
118405 20593 812771389
118405 1193149 7435516177
118405 6337 27790093
118405 1618189 4354583377
118405 27457 55102477
118405 103357 137505457
118405 3236377 2294630053
118405 115088689 76128917437
118405 677029 118410073
118405 33899977 5742384517
118405 53197 6891457
118405 139393 10144333
118405 397 19009
118405 2117233 66975949
118405 424997 10201049
118405 397 6337
118405 7349 91433
118405 19378789 204523177
118405 397 3169
118405 610937317 4593182617
118405 2132219233 9839253997
118405 754379209 1890538453
118405 9109 18217
118405 5209777 10301149
118405 8713 12277
118465 577 34177153
118465 1422409 2442111337
118465 319319713 276118319713
118465 2593 693409
118465 12097 265729
118505 135035309 5334119764349
118505 2237 88365229
118505 1193 356113
119035 409 281419
119665 3889 16417
119695 816103 5984773
119705 4776668417 81684441836713
119765 27809 169693
119795 1109 5743
119885 5298697 17665517
119945 2113 3257
120135 8093 10924187
120205 1429 85886473
120205 41617 263293237
120205 178434677 630845304377
120205 23987377 22703957893
120205 26713 307189
120205 4921309 35856829
120445 2389 826849
120445 1237 150193
121045 18419017 120560749
121105 14666542129 888095792266273
121105 3189073 193106342833
121105 126436753 5104040990689
121105 14874913 600475446289
121105 3457 18202609
121105 18097 4528177
121105 11303137 38148049
121105 170943343 251982103
121145 1821943 16978406519
121245 83537117 7250148713
121265 25223953 764695665137
121265 14707140449 104909493326353
121265 23282689 6098002769
121265 1546117 73152509
121435 1777 5832163
121435 2873939 263592737
121435 35580163 89618293
121435 17130853 18900859
121785 1142024777 1140012192353
122005 7237 441475093
122005 56179 447427
122245 162997 9962784133
122455 734743 44986477033
122515 18869 18202643
122555 2003 25633
122695 15054185719 923536658396353
122695 34607 98746649
122695 78079 168068473
122695 105477373 54148729207
122695 1215787 580431853
122695 3719 684113
122695 349207 25218337
122695 234851189 7922756843
122695 78079 2543113
122695 102103 404977
122695 87603517 333359599
122695 7272409 25910743
122695 6007 20593
122695 44617 78079
123005 492017 20173517029
123005 39929 1637155549
123005 5153 211281589
123005 540149 5110848289
123005 7589 32189137
123005 10824353 12443453653
123005 2293 6113
123005 415999 722363
123005 1289 1933
123005 13281377 15862933
123085 1082154529 44398996733989
123085 530209 21753591589
123085 315669433 2044956429517
123085 140869 722452537
123085 344389033 1569967560253
123085 57853693 13335059557
123085 198829 45152893
123085 3541033 97965397
123395 40403749 433193207
123445 188133229 11612053226953
123505 339637 13982289229
123505 73361377 192776529073
123605 494609 1300769053
123635 4733 85639
123635 3603049 15383603
123715 742393 5402655883
123715 729046603 2373526328689
123715 3846515689 728746842979
123865 4838887 2867793007
124055 22807 940913
124085 15262333 86083026833
124085 1465693 3225113
124265 949733 1710414077
124265 83497 1368473
124345 3257 8265137
124405 1069 12973
124505 42704873 1329242553217
124505 26658829 306789677
124555 752929 100515619
124645 36097 166641133
124645 115057 134030653
124645 997153 1010488909
124645 997153 45245773
124645 12973 261697
124645 9524269 16306369
124865 255596609 15957535291393
124865 7795758977 324472481554369
124865 7937 330351169
124865 54629 68901517
124865 2229696449 2077694381377
124865 2113 1533953
124865 1004273 187441777
124865 70237 2021237
124865 1135483 16852739
124865 1432439809 13974654017
124865 4406849 42825217
124865 58249057 550213217
124865 769 3137
124865 2949162817 9099713729
124865 54629 70237
125005 562519 913216723
125095 13903 75617209
125245 265893013 2775147534433
125245 6369553 11906786053
125245 160189633 202656066517
125245 39436489 158060197
125285 148210973 164323997809
125615 13757 132929659
125615 1213933697 8969898902863
125615 2777 6247
125615 977 1567
125645 3637 7878809
125805 49757 17291933
125845 307562737 959308813
126035 4663259 24488910337
126035 18938393 1718430787
126205 19417 272280277
126295 1772283703 111915285135193
126295 1303 82281193
126295 1010353 7506031303
126295 301084897 667114334503
126295 378883 123010357
126295 1279 247369
126295 263013367 11766657169
126295 662719 997333
126365 953 2562253
126365 6065473 2959318517
126385 5324515793 168234732124577
126545 172657 5462220017
126565 82347373 3579084913
126655 7510962163 8604619453
126685 700887493 157432503637
126985 145348633 271427884729
126985 8630029 4585289677
126985 5421327913 629275434217
126985 51949 409813
127205 653065337 1323812029
127265 15001409 192009889
127385 523 7523
127415 24109 236296019
127415 117839 88842937
127495 4663 484129
127495 327532087 11849802337
127535 90108943 2959578689
127585 1153 21015073
127585 1009 1921393
127585 1635409 23985937
127585 26209 53569
127885 30564277 17848002577
128035 11467 734088673
128035 16454545579 4370866687153
128035 21169 1285147
128035 80713 81019
128045 84609647 7374977707
128065 256129 384193
128245 16729 715136869
128335 56211607 3606958292173
128335 61868377 614684383
128345 67584689 60658439929
128545 1542577 66096853489
128545 60763 120823
128555 2578643 165748725433
128845 8301676609 56296290667717
128845 919 5347
129385 1811377 78121671049
129385 86257 485233129
129385 1753 5154817
129385 2473 74257
129385 2636929 5173849
129385 637337 881729
129505 2596897 51644833
129955 727 100189
129955 642253 82883803
129955 2764477 6958447
129955 179820763 198489853
130255 2143 3034093
130255 409 919
130315 39485143 2869774909
130385 548525489 2234984246353
130415 28299839 1845361751593
130465 8329 155234713
130645 89366653 1459413297649
130645 2683 1980343
130645 594469 53231257
130645 54159197 955907633
130645 109 1873
130985 12097 4619609
130985 337 617
131045 510023249 52093528189
131105 26993 75296113
131105 12809633 14731639777
131105 34273 1699457
131105 26089697 534117697
131105 75155777 1397829217
131165 142219717 548654387657
131365 19759 19516099
131365 146317 65825113
131365 98075773 8426241937
131365 695269 30876949
131645 274909 6230057
131665 19439009 3328266737
131795 668114477 9783794166247
131795 63404459 363321333649
131795 32059 150900569
132005 1252957 23628084113
132335 234890767 333923489
132355 67901707 1283875775713
132485 1192357 42659849
132595 275969 2814777659
132595 20461057 10085627707
132595 17626118203 6914601015169
132595 21995753473 87601806139
132685 1594597 1068581329
132995 6323 8946037
132995 1940797 302598239
133055 88079 5859675673
133055 5901344063 196300833575617
133055 1987 37768613
133055 11677 220163
133055 50599 82457
133085 9527729 5789944357
133085 30773 154057
133115 7457 908179
133255 97142167 85162364893
133255 42241519 27865809973
133315 26113 1650667
133355 11597 515505979
133355 7354987 140117755913
133355 11597 171835327
133355 11597 57278443
133385 132650389 469711757
133445 63073 195738989
133855 5688607 479501569
134135 134704439 371483377
134345 56569 1899940577
134345 673 2969
134485 176989 3561097
134555 172999 1806869
134615 6040668637 116166372652823
134615 538457 1959037543
134615 538457 1479273247
134615 1319 21169
134615 341650333 3653289347
134615 2087 13513
134815 20939 86357
134945 18210287969 1228693654988353
135035 123677 1855635967
135235 8925643 603529665553
135235 963947953 661723357483
135235 1017951397 535652362543
135235 659 284729
135235 39367 14829517
135235 405703 1893277
135235 1117 2647
135415 5527 2682577
135415 44957449 415585567
135565 8617753 40285023637
135595 278600473 2905910087419
135595 56937763 16893820513
135745 271489 12284424769
135745 271489 1116765889
135745 7364113 10305582673
135745 271489 85111489
135745 7489 1593409
135745 820300993 34325449537
135745 12573289 479023609
135745 271489 7737409
135785 11813209 72911662913
135785 623057 4234537
135865 242924833 1434999236329
135865 1686367 3138606199
135865 234193 183922729
135865 28729 11936593
135865 19802179 4830202963
135865 40699 9324739
135865 422689 79872937
135865 10113877 1698543757
135865 9912169 746517097
135865 18751273 1266223513
135865 165673 7599313
135865 5001049 222557329
135865 3039329 84844553
135865 926353 6793273
136145 1133857 22052708753
136145 19603 2496587
136255 408763 160507213
136315 306739 3216394369
136315 379 227593
136585 823729 160041289
136585 845833 26334193
136645 10770826657 70074732589
136715 7013 50462227
136915 6248846237 122222968934123
137345 11329 222283073
137345 593686609 83288955377
137345 7297 1008257
137345 2716526977 336734113409
137345 4669697 40791169
137345 90419713 360139649
137455 274909 1988821927
137495 549977 65584639
137605 18935273629 1302794163859273
137605 673 14797
137605 4663 48859
138185 1487 15806239
138185 3929 1960033
138185 7057 3374297
138185 2458609 38620313
138245 1005885173 69529297870693
138245 10171849 8956734173
138245 7188689 20321869
138245 5779 10487
138245 1560971213 2828559553
138305 1264577 21862165249
138335 1093177 11632664639
138335 2297 10957087
138335 351863 239778169
138335 30367 15331457
138335 433 177743
138335 3167 171673
138335 69833 1529263
138335 26993 30367
138355 6380840363 220705292105717
138385 203747377 9528753217
138385 53554609 1677490849
138565 613 42470173
138565 33049 1471069
138565 7343893 172096489
138895 2361199 525574897
138905 764689 9091769
139105 134387989 1438003169989
139105 394129 2383709329
139265 1383937 10143894017
139285 67453 1174398889
139285 3894697 23585777029
139285 133147873 65531807389
139285 346303 57904939
139285 830449 3382237
139495 3339529