215
255
295
345
395
435
535
705
815
835
885
895
965
995
1115
1195
1245
1285
1315
1345
1535
1565
1605
1645
1685
1695
1735
1835
1865
1915
2055
2065
2095
2165
2215
2235
2335
2395
2435
2495
2505
2515
2595
2615
2685
2735
2785
2815
2845
2885
2935
2955
3065
3095
3215
3265
3365
3385
3405
3415
3495
3545
3595
3635
3695
3715
3745
3815
3845
3855
3945
3985
4035
4045
4115
4195
4265
4285
4315
4395
4415
4435
4465
4535
4595
4645
4735
4755
4835
4885
4915
4985
5015
5065
5095
5165
5195
5205
5295
5315
5345
5385
5435
5485
5515
5545
5585
5745
5765
5815
5835
5865
5935
5965
6055
6065
6085
6115
6145
6185
6265
6285
6295
6385
6395
6415
6445
6485
6515
6535
6595
6735
6785
6835
6865
6995
7005
7045
7055
7115
7135
7145
7165
7185
7195
7235
7265
7295
7395
7415
7435
7445
7465
7545
7615
7635
7715
7745
7795
7835
7885
7895
7915
7945
8035
8045
8065
8095
8135
8185
8255
8315
8335
8345
8355
8445
8455
8485
8495
8535
8545
8615
8665
8735
8765
8795
8805
8885
8915
8935
8945
8985
8995
9095
9115
9205
9235
9255
9335
9365
9385
9395
9445
9535
9545
9565
9665
9695
9705
9715
9745
9785
9865
9885
9895
9935
9965
10015
10085
10135
10155
10165
10195
10245
10255
10265
10315
10415
10435
10445
10495
10565
10645
10685
10715
10765
10785
10855
10895
11015
11035
11065
11095
11145
11185
11195
11215
11245
11335
11345
11395
11435
11465
11545
11595
11665
11695
11735
11785
11885
11915
11945
11955
11965
11985
11995
12035
12115
12135
12145
12185
12235
12295
12305
12335
12365
12385
12405
12515
12565
12585
12665
12695
12715
12785
12855
12895
12905
12945
12965
12995
13045
13055
13085
13205
13285
13295
13305
13315
13385
13405
13415
13435
13445
13465
13495
13515
13535
13565
13595
13645
13745
13765
13835
13855
13865
13885
13895
13935
13945
13985
14015
14095
14165
14185
14205
14215
14395
14435
14485
14515
14545
14585
14615
14635
14655
14695
14745
14755
14765
14785
14815
14845
14995
15045
15095
15115
15185
15215
15245
15285
15395
15415
15445
15515
15545
15595
15635
15685
15735
15745
15755
15815
15835
15865
15935
15995
16015
16045
16085
16145
16265
16285
16295
16455
16495
16535
16545
16565
16595
16615
16635
16645
16715
16735
16795
16865
16915
16945
17005
17045
17065
17095
17135
17155
17165
17245
17285
17315
17335
17345
17445
17465
17495
17585
17605
17635
17645
17665
17695
17735
17785
17795
17805
17815
17845
17895
17915
17965
18035
18085
18115
18185
18215
18255
18285
18295
18305
18345
18365
18385
18395
18435
18545
18595
18665
18695
18835
18845
18885
18895
18955
18965
18985
19015
19115
19155
19165
19205
19235
19245
19265
19295
19315
19335
19385
19445
19495
19535
19585
19595
19605
19615
19645
19705
19715
19735
19785
19805
19835
19865
19895
19945
19955
20015
20035
20095
20135
20245
20285
20355
20365
20395
20445
20465
20495
20505
20545
20585
20635
20665
20695
20755
20765
20785
20795
20885
20915
20965
21085
21095
21135
21145
21165
21215
21245
21265
21295
21405
21415
21495
21585
21665
21685
21695
21745
21785
21815
21865
21985
21995
22015
22045
22115
22235
22285
22305
22315
22355
22395
22415
22465
22485
22505
22535
22555
22565
22585
22595
22615
22655
22695
22735
22745
22795
22835
22845
22855
22865
22915
22985
23005
23015
23055
23185
23195
23215
23245
23285
23295
23315
23335
23365
23385
23395
23435
23515
23615
23645
23665
23695
23745
23795
23855
23905
23915
23935
23945
23965
23995
24055
24065
24085
24105
24205
24215
24285
24385
24445
24455
24485
24515
24555
24595
24635
24665
24685
24715
24785
24815
24835
24865
24895
24905
24935
24965
24985
24995
25005
25015
25045
25085
25115
25145
25165
25195
25285
25435
25445
25455
25495
25535
25555
25565
25595
25635
25645
25655
25735
25835
25895
25945
25955
25985
25995
26045
26105
26135
26165
26185
26255
26365
26395
26485
26515
26545
26615
26795
26805
26915
26935
26945
26965
26995
27035
27055
27085
27095
27185
27215
27245
27285
27345
27385
27395
27415
27485
27515
27535
27545
27595
27635
27705
27815
27835
27845
27865
27965
28115
28155
28195
28235
28265
28285
28295
28335
28345
28415
28445
28465
28585
28605
28635
28685
28695
28715
28745
28805
28895
28915
29035
29065
29135
29195
29215
29235
29245
29285
29335
29345
29365
29395
29455
29485
29495
29515
29615
29635
29685
29695
29735
29765
29845
29935
29955
29995
30005
30035
30045
30065
30115
30145
30155
30185
30205
30215
30235
30245
30265
30335
30355
30365
30385
30395
30405
30445
30515
30565
30585
30665
30715
30815
30865
30895
30935
30945
30985
30995
31015
31035
31045
31085
31135
31195
31235
31255
31315
31345
31385
31435
31485
31495
31565
31585
31615
31715
31745
31765
31795
31835
31865
31895
31945
31985
32035
32155
32195
32295
32345
32365
32435
32515
32555
32645
32695
32735
32765
32815
32845
32885
32915
32965
32995
33035
33065
33095
33105
33115
33145
33195
33265
33295
33335
33365
33395
33445
33515
33545
33555
33595
33645
33665
33695
33895
33965
33995
34005
34015
34095
34105
34115
34135
34145
34165
34285
34345
34405
34415
34455
34495
34535
34585
34635
34735
34745
34795
34835
34865
34885
34895
34915
34985
34995
35015
35045
35065
35085
35095
35105
35135
35195
35215
35285
35305
35345
35395
35435
35455
35515
35545
35615
35635
35645
35665
35795
35845
35885
35895
35935
35965
35985
35995
36005
36035
36065
36095
36105
36145
36155
36185
36205
36235
36255
36265
36345
36365
36415
36445
36455
36485
36515
36535
36595
36665
36705
36745
36815
36835
36845
36885
36915
37085
37145
37155
37165
37205
37285
37315
37365
37385
37415
37435
37445
37495
37535
37585
37595
37615
37645
37685
37735
37745
37795
37865
37885
37915
37945
37995
38015
38035
38045
38135
38145
38155
38195
38215
38235
38245
38315
38345
38395
38435
38495
38515
38585
38605
38615
38635
38685
38715
38765
38785
38795
38815
38855
38945
38965
38985
39055
39085
39115
39135
39145
39245
39265
39335
39385
39395
39415
39455
39495
39535
39595
39635
39665
39685
39695
39745
39815
39855
39905
39945
39965
40085
40165
40195
40235
40255
40265
40295
40305
40345
40355
40395
40435
40445
40465
40485
40585
40615
40655
40715
40735
40835
40895
40935
41095
41165
41185
41215
41285
41295
41315
41345
41365
41395
41435
41465
41485
41545
41585
41595
41645
41655
41765
41795
41815
41835
41845
41885
41935
41945
41995
42055
42065
42115
42205
42215
42235
42285
42415
42455
42555
42565
42585
42595
42635
42645
42655
42685
42695
42715
42755
42815
42835
42865
42895
42985
42995
43015
43045
43115
43135
43145
43185
43235
43265
43295
43315
43345
43385
43445
43455
43465
43495
43535
43545
43565
43585
43595
43635
43685
43715
43735
43765
43895
43905
43915
43955
44015
44035
44085
44095
44115
44195
44215
44245
44255
44315
44335
44355
44365
44395
44405
44435
44445
44465
44535
44555
44615
44645
44665
44695
44735
44815
44845
44905
44985
44995
45035
45065
45145
45215
45245
45295
45335
45345
45355
45395
45505
45515
45545
45635
45645
45665
45685
45745
45835
45845
45865
45895
45935
45965
45995
46015
46045
46135
46165
46195
46245
46265
46285
46295
46335
46385
46415
46445
46465
46545
46565
46595
46615
46685
46715
46735
46745
46765
46785
46885
46895
46905
46985
47015
47035
47055
47065
47095
47165
47185
47195
47255
47265
47315
47335
47365
47395
47405
47485
47505
47615
47665
47695
47735
47785
47845
47855
47935
48045
48065
48085
48095
48115
48135
48215
48245
48295
48355
48365
48385
48395
48445
48595
48655
48665
48695
48715
48745
48835
48855
48935
48965
49015
49085
49145
49155
49165
49195
49205
49265
49285
49295
49315
49385
49415
49435
49485
49535
49615
49745
49805
49835
49845
49865
49895
49915
49935
49945
49955
50035
50045
50155
50185
50195
50205
50235
50315
50335
50345
50365
50385
50395
50405
50465
50485
50495
50515
50645
50665
50695
50735
50795
50815
50835
50845
50855
50885
50915
50945
50965
51065
51105
51115
51195
51215
51235
51265
51295
51335
51365
51405
51445
51565
51595
51635
51685
51715
51735
51785
51805
51895
51905
51965
51995
52005
52045
52055
52115
52135
52145
52165
52255
52265
52285
52295
52315
52355
52385
52405
52435
52495
52565
52595
52615
52645
52705
52795
52805
52835
52905
52915
52945
52985
52995
53035
53065
53085
53195
53285
53305
53315
53335
53345
53355
53435
53485
53495
53545
53615
53645
53695
53705
53765
53815
53895
53995
54005
54185
54205
54215
54235
54265
54295
54335
54345
54355
54415
54445
54515
54535
54545
54565
54605
54655
54685
54695
54745
54755
54785
54815
54845
54865
54885
54895
54935
54965
55015
55085
55135
55155
55235
55265
55285
55295
55345
55415
55435
55445
55465
55505
55535
55565
55585
55595
55705
55745
55765
55785
55795
55865
55885
55945
55985
56005
56015
56065
56095
56165
56195
56215
56245
56285
56315
56335
56365
56395
56405
56435
56495
56505
56545
56585
56645
56665
56685
56765
56845
56905
56915
56945
56955
56995
57045
57115
57185
57215
57235
57295
57335
57385
57395
57415
57445
57485
57495
57515
57545
57595
57615
57635
57655
57745
57845
57895
57935
57945
57995
58055
58085
58115
58165
58205
58235
58285
58385
58415
58445
58495
58515
58535
58585
58595
58615
58705
58715
58755
58805
58845
58855
58885
58895
58915
58935
58945
58955
59035
59065
59135
59165
59195
59205
59255
59315
59335
59395
59415
59435
59465
59485
59515
59545
59555
59595
59615
59635
59665
59685
59695
59735
59765
59795
59835
59935
59965
60035
60105
60155
60185
60195
60215
60245
60285
60365
60395
60455
60485
60535
60545
60565
60595
60655
60715
60735
60745
60755
60785
60815
60845
60955
60965
60985
61015
61085
61095
61115
61135
61185
61195
61265
61315
61345
61385
61445
61555
61565
61615
61645
61715
61735
61755
61795
61805
61835
61855
61865
61885
61895
61905
61995
62035
62045
62065
62085
62165
62185
62195
62285
62335
62345
62355
62365
62395
62405
62435
62485
62515
62545
62585
62615
62635
62695
62735
62765
62845
62855
62885
62915
62945
62995
63065
63095
63145
63215
63235
63265
63295
63335
63435
63445
63485
63515
63565
63655
63695
63715
63785
63795
63805
63815
63885
63995
64045
64055
64115
64195
64235
64245
64265
64315
64335
64385
64445
64465
64495
64535
64565
64585
64595
64615
64645
64655
64745
64765
64795
64805
64815
64835
64865
64885
64895
64915
65015
65035
65045
65055
65165
65185
65195
65215
65235
65245
65315
65345
65435
65465
65495
65515
65535
65545
65595
65635
65735
65765
65785
65795
65815
65885
65915
65935
65955
65965
65985
66095
66115
66135
66145
66235
66245
66295
66335
66415
66485
66545
66565
66635
66685
66695
66745
66835
66855
66895
66945
66955
66965
66985
66995
67065
67085
67285
67295
67315
67345
67355
67385
67395
67435
67495
67505
67535
67555
67565
67615
67645
67685
67715
67745
67755
67765
67835
67845
67885
67895
67965
68065
68095
68135
68155
68165
68195
68205
68215
68245
68305
68335
68345
68395
68435
68465
68485
68595
68615
68645
68745
68765
68785
68795
68815
68945
68995
69035
69095
69145
69265
69365
69385
69395
69415
69455
69485
69515
69535
69545
69555
69645
69665
69695
69735
69755
69805
69815
69835
69895
69955
69985
69995
70045
70095
70145
70165
70185
70205
70285
70415
70435
70505
70535
70545
70585
70655
70705
70715
70745
70755
70765
70795
70855
70865
70885
70945
70985
70995
71035
71155
71215
71245
71305
71315
71365
71465
71515
71585
71615
71635
71735
71795
71805
71845
71895
71935
71985
72035
72085
72095
72115
72185
72205
72235
72245
72255
72265
72355
72395
72445
72515
72595
72605
72645
72665
72685
72715
72745
72785
72815
72845
72905
72935
73055
73115
73135
73145
73155
73165
73195
73265
73285
73295
73335
73345
73355
73385
73405
73415
73435
73455
73465
73495
73565
73585
73615
73685
73735
73765
73785
73795
73805
73835
73895
73915
73955
73985
74055
74065
74135
74145
74215
74315
74335
74345
74365
74395
74435
74485
74505
74545
74595
74605
74615
74645
74695
74705
74735
74785
74795
74845
74915
75035
75045
75065
75085
75095
75135
75255
75265
75355
75365
75385
75395
75415
75435
75535
75585
75665
75685
75695
75715
75745
75815
75865
75935
75965
75995
76045
76085
76135
76165
76265
76295
76305
76315
76345
76435
76485
76495
76535
76565
76595
76645
76715
76735
76745
76795
76855
76865
76885
76915
76985
77065
77095
77105
77135
77155
77195
77205
77215
77245
77295
77335
77365
77395
77405
77465
77485
77515
77585
77635
77795
77835
77845
77855
77865
77915
78035
78055
78095
78185
78215
78235
78245
78295
78315
78335
78365
78395
78415
78505
78545
78565
78605
78635
78665
78685
78695
78745
78755
78835
78845
78865
78905
78935
78985
79015
79045
79085
79095
79115
79185
79195
79295
79345
79355
79385
79435
79445
79455
79535
79545
79555
79565
79595
79615
79635
79645
79665
79685
79705
79715
79795
79865
79885
79995
80035
80045
80095
80165
80255
80285
80315
80335
80345
80365
80385
80405
80435
80485
80495
80515
80635
80695
80765
80805
80815
80835
80855
80895
80915
80935
80945
80965
80985
80995
81035
81085
81115
81145
81215
81245
81255
81265
81335
81365
81395
81415
81535
81545
81595
81635
81665
81695
81715
81745
81815
81845
81985
82015
82085
82135
82155
82165
82235
82245
82265
82345
82385
82435
82455
82465
82495
82505
82585
82595
82605
82645
82685
82735
82765
82785
82855
82865
82955
83005
83015
83035
83045
83065
83095
83165
83195
83245
83285
83315
83365
83395
83405
83465
83485
83495
83515
83555
83635
83645
83735
83755
83785
83795
83815
83885
83935
83965
83995
84005
84115
84145
84215
84265
84295
84365
84395
84415
84445
84515
84585
84635
84685
84695
84715
84745
84815
84855
84895
84935
84955
84965
84985
85035
85115
85135
85145
85165
85235
85265
85355
85385
85395
85445
85465
85495
85535
85585
85595
85615
85645
85685
85695
85735
85755
85795
85835
85915
85945
85985
86005
86015
86035
86045
86065
86105
86135
86165
86245
86285
86435
86465
86495
86555
86585
86615
86635
86665
86695
86745
86795
86815
86855
86885
86915
86935
86945
86965
87085
87095
87105
87195
87205
87215
87245
87305
87335
87385
87415
87445
87485
87545
87595
87605
87645
87655
87695
87735
87845
87865
87895
87985
87995
88005
88015
88045
88105
88115
88135
88185
88205
88255
88285
88295
88315
88345
88415
88435
88455
88485
88535
88545
88595
88655
88665
88685
88735
88745
88835
88855
88865
88895
88905
88915
88945
89005
89015
89035
89065
89085
89095
89135
89165
89185
89195
89315
89345
89495
89515
89545
89615
89645
89665
89695
89795
89805
89885
89935
89945
90005
90015
90065
90085
90095
90215
90235
90245
90265
90295
90355
90385
90435
90445
90485
90505
90535
90545
90565
90595
90635
90665
90705
90715
90735
90745
90755
90795
90845
90935
90995
91015
91085
91115
91145
91165
91265
91285
91315
91335
91345
91415
91435
91445
91535
91545
91565
91595
91645
91655
91695
91765
91835
91865
91895
91955
91985
92035
92065
92095
92135
92145
92165
92185
92195
92215
92285
92315
92335
92395
92465
92515
92545
92555
92585
92595
92615
92695
92755
92765
92805
92815
92915
92935
92955
92965
92995
93035
93045
93055
93065
93085
93095
93185
93205
93235
93245
93295
93385
93395
93415
93515
93535
93565
93595
93695
93715
93745
93755
93785
93855
93865
93905
93935
93945
93965
93985
94015
94035
94055
94195
94205
94255
94265
94295
94305
94345
94405
94445
94485
94495
94565
94585
94595
94615
94645
94685
94695
94735
94755
94795
94805
94835
94845
94865
94895
94935
94955
95045
95065
95105
95165
95185
95295
95345
95385
95395
95435
95515
95695
95765
95785
95815
95835
95915
96035
96065
96095
96185
96215
96245
96295
96355
96365
96445
96485
96585
96595
96655
96665
96695
96735
96805
96845
96865
96895
96935
97015
97045
97055
97085
97095
97115
97135
97145
97165
97195
97235
97255
97285
97315
97345
97385
97415
97435
97445
97535
97555
97615
97665
97715
97745
97765
97795
97885
97895
97915
97985
98015
98045
98095
98105
98135
98185
98435
98445
98465
98485
98495
98535
98545
98555
98585
98635
98665
98695
98705
98745
98765
98795
98815
98845
98855
98885
98965
98985
98995
99035
99065
99095
99155
99185
99195
99215
99245
99265
99295
99335
99365
99395
99445
99565
99595
99635
99655
99685
99745
99795
99815
99865
99885
99895
99985
100005
100115
100145
100235
100295
100315
100335
100405
100445
100535
100565
100585
100615
100645
100685
100715
100735
100745
100765
100785
100855
100865
100885
100895
100915
101045
101055
101085
101095
101135
101165
101195
101245
101335
101345
101395
101405
101435
101485
101495
101515
101545
101555
101605
101615
101635
101665
101685
101735
101755
101785
101795
101815
101845
101855
101945
101965
101995
102005
102035
102045
102095
102215
102385
102395
102405
102485
102495
102535
102545
102635
102715
102745
102805
102815
102845
102855
102865
102895
102935
102945
102965
102985
102995
103035
103085
103105
103135
103165
103195
103255
103285
103295
103315
103355
103445
103465
103485
103495
103505
103535
103555
103585
103595
103685
103705
103715
103735
103745
103755
103765
103795
103835
103865
103885
103945
103955
103965
104035
104045
104105
104135
104155
104205
104215
104245
104285
104365
104385
104395
104405
104435
104455
104465
104485
104495